Datum	Uhrzeit	Kommentar	p_Probe_Ist / bar	I_Ist / mA	U_ges / mV	U_Nadel / mV	U_ges-Th_U	U_Nadel-Th_U	R_ges / mOhm*cm²	R_bulk / mOhm*cm²	Anpressfläche / cm²	p_Ist / bar	p_Kraftsensor / ?	Weg Bürster	Kraftsensor Poly	Probendicke Poly	Kraftsensor	Probendicke	U_ges 1	U_Nadel 1	U_ges 2	U_Nadel 2	Diff_U_ges/2	Diff_U_Nadel/2	Relais	
06.07.2020	13:34:35	Messung I (5 Zyklen)	1,023636	499,700000	35,378207	0,037415	35,302523	0,035241	159,297509	0,168469	2,250000	0,117224	-5509,735169	2399,420705	0,000000	0,000000	-60,540195	18265,373983	-67,551751	0,037481	67,703118	0,041829	0,075684	0,002174	0,000000
06.07.2020	13:34:39	Messung I (5 Zyklen)	0,990221	999,000000	69,203181	0,049011	69,127498	0,046836	155,863021	0,110384	2,250000	0,113509	-5506,981246	2407,422274	0,000000	0,000000	-60,506253	18094,232068	-67,551751	0,037481	67,703118	0,041829	0,075684	0,002174	0,000000
06.07.2020	13:34:43	Messung I (5 Zyklen)	0,980784	1498,000000	104,166831	0,044004	104,091147	0,041829	156,458859	0,066093	2,250000	0,112402	-5510,986952	2407,333422	0,000000	0,000000	-60,555625	18096,132472	-67,551751	0,037481	67,703118	0,041829	0,075684	0,002174	0,000000
06.07.2020	13:34:46	Messung I (5 Zyklen)	0,975965	1998,000000	139,364218	0,043081	139,288534	0,040907	156,941686	0,048515	2,250000	0,111872	-5507,544548	2407,320259	0,000000	0,000000	-60,513195	18096,414013	-67,551751	0,037481	67,703118	0,041829	0,075684	0,002174	0,000000
06.07.2020	13:34:49	Messung I (5 Zyklen)	1,910853	499,700000	34,535948	0,043542	34,460264	0,041368	155,505069	0,196058	2,250000	0,219039	-5436,756202	2399,435513	0,000000	0,000000	-59,642299	18265,057249	-67,551751	0,037481	67,703118	0,041829	0,075684	0,002174	0,000000
06.07.2020	13:34:54	Messung I (5 Zyklen)	1,927460	999,000000	67,707137	0,048747	67,631453	0,046573	152,493553	0,109791	2,250000	0,220907	-5434,628171	2407,435437	0,000000	0,000000	-59,616166	18093,950527	-67,551751	0,037481	67,703118	0,041829	0,075684	0,002174	0,000000
06.07.2020	13:34:57	Messung I (5 Zyklen)	1,938790	1498,000000	101,442708	0,044992	101,367024	0,042818	152,367219	0,067578	2,250000	0,222228	-5428,995146	2407,379494	0,000000	0,000000	-59,547004	18095,147077	-67,551751	0,037481	67,703118	0,041829	0,075684	0,002174	0,000000
06.07.2020	13:35:00	Messung I (5 Zyklen)	1,953217	1998,000000	135,288402	0,052107	135,212719	0,049933	152,351805	0,058679	2,250000	0,223872	-5428,118897	2407,367976	0,000000	0,000000	-59,536247	18095,393426	-67,551751	0,037481	67,703118	0,041829	0,075684	0,002174	0,000000
06.07.2020	13:35:03	Messung I (5 Zyklen)	3,064705	499,700000	31,849339	0,046375	31,773655	0,044201	143,408069	0,208814	2,250000	0,351321	-5318,713035	2405,149979	0,000000	0,000000	-58,196857	18142,833138	-67,551751	0,037481	67,703118	0,041829	0,075684	0,002174	0,000000
06.07.2020	13:35:08	Messung I (5 Zyklen)	3,060775	999,000000	61,941379	0,047364	61,865695	0,045189	139,507610	0,106675	2,250000	0,350857	-5316,960539	2413,386842	0,000000	0,000000	-58,175461	17966,658646	-67,551751	0,037481	67,703118	0,041829	0,075684	0,002174	0,000000
06.07.2020	13:35:11	Messung I (5 Zyklen)	3,066512	1498,000000	92,904110	0,039787	92,828426	0,037613	139,542222	0,059760	2,250000	0,351482	-5313,080010	2413,365451	0,000000	0,000000	-58,128091	17967,116151	-67,551751	0,037481	67,703118	0,041829	0,075684	0,002174	0,000000
06.07.2020	13:35:14	Messung I (5 Zyklen)	3,066827	1998,000000	123,652375	0,037218	123,576691	0,035043	139,248170	0,041912	2,250000	0,351551	-5314,206615	2413,335834	0,000000	0,000000	-58,141843	17967,749619	-67,551751	0,037481	67,703118	0,041829	0,075684	0,002174	0,000000
06.07.2020	13:35:18	Messung I (5 Zyklen)	5,066163	499,700000	24,966336	0,039062	24,890652	0,036888	112,415963	0,175886	2,250000	0,580663	-5073,238321	2447,780614	0,000000	0,000000	-55,217740	17231,025928	-67,551751	0,037481	67,703118	0,041829	0,075684	0,002174	0,000000
06.07.2020	13:35:22	Messung I (5 Zyklen)	5,064213	999,000000	48,723667	0,050065	48,647983	0,047891	109,737989	0,112759	2,250000	0,580463	-5074,990817	2456,024066	0,000000	0,000000	-55,238883	17054,710474	-67,551751	0,037481	67,703118	0,041829	0,075684	0,002174	0,000000
06.07.2020	13:35:25	Messung I (5 Zyklen)	5,059882	1499,000000	72,970078	0,040446	72,894395	0,038272	109,528136	0,060709	2,250000	0,579930	-5075,554120	2455,897371	0,000000	0,000000	-55,245679	17057,420313	-67,551751	0,037481	67,703118	0,041829	0,075684	0,002174	0,000000
06.07.2020	13:35:29	Messung I (5 Zyklen)	5,057071	1998,000000	97,110845	0,043938	97,035161	0,041763	109,359060	0,049479	2,250000	0,579703	-5075,491531	2455,959896	0,000000	0,000000	-55,244924	17056,082990	-67,551751	0,037481	67,703118	0,041829	0,075684	0,002174	0,000000
06.07.2020	13:35:32	Messung I (5 Zyklen)	4,029709	499,700000	24,936886	0,044926	24,861202	0,042752	112,283358	0,202288	2,250000	0,461920	-5168,937159	2447,777323	0,000000	0,000000	-56,374918	17231,096313	-67,551751	0,037481	67,703118	0,041829	0,075684	0,002174	0,000000
06.07.2020	13:35:36	Messung I (5 Zyklen)	4,053115	999,000000	49,234401	0,045387	49,158717	0,043213	110,888290	0,102223	2,250000	0,464484	-5164,806274	2455,979641	0,000000	0,000000	-56,324857	17055,660678	-67,551751	0,037481	67,703118	0,041829	0,075684	0,002174	0,000000
06.07.2020	13:35:40	Messung I (5 Zyklen)	4,047579	1498,000000	73,802534	0,047100	73,726850	0,044926	110,851603	0,070744	2,250000	0,464021	-5165,682522	2455,968123	0,000000	0,000000	-56,335475	17055,907026	-67,551751	0,037481	67,703118	0,041829	0,075684	0,002174	0,000000
06.07.2020	13:35:43	Messung I (5 Zyklen)	4,039347	1998,000000	98,366431	0,049999	98,290747	0,047825	110,773007	0,056305	2,250000	0,463025	-5164,806274	2455,910534	0,000000	0,000000	-56,324857	17057,138771	-67,551751	0,037481	67,703118	0,041829	0,075684	0,002174	0,000000
06.07.2020	13:35:46	Messung I (5 Zyklen)	9,838104	499,700000	17,383861	0,039194	17,308177	0,037020	78,274337	0,176479	2,250000	1,127839	-4546,425271	2511,021598	0,000000	0,000000	-48,941019	15878,393337	-67,551751	0,037481	67,703118	0,041829	0,075684	0,002174	0,000000
06.07.2020	13:35:51	Messung I (5 Zyklen)	9,927394	999,000000	34,292771	0,051712	34,217087	0,049538	77,235970	0,116468	2,250000	1,137876	-4535,221809	2519,645152	0,000000	0,000000	-48,809202	15693,948064	-67,551751	0,037481	67,703118	0,041829	0,075684	0,002174	0,000000
06.07.2020	13:35:54	Messung I (5 Zyklen)	9,936515	1498,000000	51,266203	0,036032	51,190519	0,033857	77,001974	0,054120	2,250000	1,138977	-4535,346987	2519,589209	0,000000	0,000000	-48,810674	15695,144618	-67,551751	0,037481	67,703118	0,041829	0,075684	0,002174	0,000000
06.07.2020	13:35:57	Messung I (5 Zyklen)	9,943829	1998,000000	68,147774	0,042752	68,072090	0,040578	76,742989	0,048144	2,250000	1,139829	-4535,722522	2519,574400	0,000000	0,000000	-48,815092	15695,461353	-67,551751	0,037481	67,703118	0,041829	0,075684	0,002174	0,000000
06.07.2020	13:36:00	Messung I (5 Zyklen)	12,042100	499,700000	15,226966	0,042291	15,151282	0,040116	68,562485	0,190422	2,250000	1,380209	-4292,500991	2558,025834	0,000000	0,000000	-45,969848	14873,041159	-67,551751	0,037481	67,703118	0,041829	0,075684	0,002174	0,000000
06.07.2020	13:36:05	Messung I (5 Zyklen)	12,037711	999,000000	30,187684	0,040841	30,112001	0,038667	67,990280	0,091984	2,250000	1,379870	-4290,936262	2566,626363	0,000000	0,000000	-45,951645	14689,088357	-67,551751	0,037481	67,703118	0,041829	0,075684	0,002174	0,000000
06.07.2020	13:36:08	Messung I (5 Zyklen)	12,052225	1499,000000	45,131666	0,043872	45,055982	0,041698	67,742661	0,065852	2,250000	1,381452	-4289,934835	2566,598391	0,000000	0,000000	-45,939995	14689,686635	-67,551751	0,037481	67,703118	0,041829	0,075684	0,002174	0,000000
06.07.2020	13:36:11	Messung I (5 Zyklen)	12,049959	1998,000000	60,033760	0,045453	59,958076	0,043279	67,605585	0,051186	2,250000	1,381126	-4292,939116	2566,604973	0,000000	0,000000	-45,974946	14689,545863	-67,551751	0,037481	67,703118	0,041829	0,075684	0,002174	0,000000
06.07.2020	13:36:15	Messung I (5 Zyklen)	15,012250	499,700000	13,326623	0,057444	13,250939	0,055270	60,005807	0,258652	2,250000	1,720534	-3958,587734	2600,974202	0,000000	0,000000	-42,113739	13954,438089	-67,551751	0,037481	67,703118	0,041829	0,075684	0,002174	0,000000
06.07.2020	13:36:19	Messung I (5 Zyklen)	15,022174	999,000000	26,416765	0,038733	26,341081	0,036559	59,497218	0,087236	2,250000	1,721974	-3953,768367	2609,638912	0,000000	0,000000	-42,058497	13769,112554	-67,551751	0,037481	67,703118	0,041829	0,075684	0,002174	0,000000
06.07.2020	13:36:22	Messung I (5 Zyklen)	15,018904	1498,000000	39,481126	0,045782	39,405442	0,043608	59,300756	0,068765	2,250000	1,721402	-3956,522291	2609,559932	0,000000	0,000000	-42,090062	13770,801810	-67,551751	0,037481	67,703118	0,041829	0,075684	0,002174	0,000000
06.07.2020	13:36:26	Messung I (5 Zyklen)	15,012078	1998,000000	52,502521	0,045716	52,426837	0,043542	59,124460	0,051483	2,250000	1,720583	-3960,340231	2609,584613	0,000000	0,000000	-42,133830	13770,273918	-67,551751	0,037481	67,703118	0,041829	0,075684	0,002174	0,000000
06.07.2020	13:36:29	Messung I (5 Zyklen)	18,020325	499,700000	11,796414	0,039458	11,720730	0,037283	53,115731	0,177666	2,250000	2,065423	-3621,419823	2645,632198	0,000000	0,000000	-38,276500	12999,268547	-67,551751	0,037481	67,703118	0,041829	0,075684	0,002174	0,000000
06.07.2020	13:36:33	Messung I (5 Zyklen)	18,029332	999,000000	23,403247	0,039985	23,327563	0,037810	52,710016	0,090055	2,250000	2,066600	-3618,665899	2654,515758	0,000000	0,000000	-38,245385	12809,262132	-67,551751	0,037481	67,703118	0,041829	0,075684	0,002174	0,000000
06.07.2020	13:36:37	Messung I (5 Zyklen)	18,018518	1498,000000	34,965642	0,045914	34,889958	0,043740	52,518488	0,068963	2,250000	2,065360	-3620,293218	2654,410452	0,000000	0,000000	-38,263771	12811,514477	-67,551751	0,037481	67,703118	0,041829	0,075684	0,002174	0,000000
06.07.2020	13:36:40	Messung I (5 Zyklen)	18,019293	1998,000000	46,485979	0,039392	46,410295	0,037218	52,349075	0,044360	2,250000	2,065350	-3618,040007	2654,453233	0,000000	0,000000	-38,238314	12810,599462	-67,551751	0,037481	67,703118	0,041829	0,075684	0,002174	0,000000
06.07.2020	13:36:43	Messung I (5 Zyklen)	20,019221	499,700000	10,960419	0,052568	10,884735	0,050394	49,351495	0,236700	2,250000	2,294586	-3400,167064	2666,135636	0,000000	0,000000	-35,788133	12560,729870	-67,551751	0,037481	67,703118	0,041829	0,075684	0,002174	0,000000
06.07.2020	13:36:48	Messung I (5 Zyklen)	20,038439	999,000000	21,754510	0,054018	21,678826	0,051844	48,996644	0,121662	2,250000	2,296806	-3392,218238	2675,024137	0,000000	0,000000	-35,699162	12370,617770	-67,551751	0,037481	67,703118	0,041829	0,075684	0,002174	0,000000
06.07.2020	13:36:51	Messung I (5 Zyklen)	20,022663	1498,000000	32,495395	0,053952	32,419711	0,051778	48,808170	0,081036	2,250000	2,294895	-3401,606616	2674,986292	0,000000	0,000000	-35,804249	12371,427207	-67,551751	0,037481	67,703118	0,041829	0,075684	0,002174	0,000000
06.07.2020	13:36:54	Messung I (5 Zyklen)	20,016726	1998,000000	43,223269	0,038996	43,147585	0,036822	48,674852	0,043915	2,250000	2,294396	-3396,098767	2675,037300	0,000000	0,000000	-35,742593	12370,336226	-67,551751	0,037481	67,703118	0,041829	0,075684	0,002174	0,000000
06.07.2020	13:36:57	Messung I (5 Zyklen)	21,009621	499,700000	10,647934	0,052898	10,572250	0,050724	47,944468	0,238183	2,250000	2,407982	-3308,473910	2674,899086	0,000000	0,000000	-34,763589	12373,292430	-67,551751	0,037481	67,703118	0,041829	0,075684	0,002174	0,000000
06.07.2020	13:37:02	Messung I (5 Zyklen)	21,028207	999,000000	21,116098	0,049604	21,040414	0,047429	47,558779	0,111720	2,250000	2,410168	-3287,819480	2686,295194	0,000000	0,000000	-34,533339	12129,546268	-67,551751	0,037481	67,703118	0,041829	0,075684	0,002174	0,000000
06.07.2020	13:37:05	Messung I (5 Zyklen)	21,013866	1498,000000	31,556353	0,049538	31,480670	0,047364	47,397727	0,074406	2,250000	2,408517	-3292,200723	2686,224441	0,000000	0,000000	-34,582164	12131,059564	-67,551751	0,037481	67,703118	0,041829	0,075684	0,002174	0,000000
06.07.2020	13:37:08	Messung I (5 Zyklen)	21,013435	1998,000000	41,980697	0,048286	41,905013	0,046112	47,275560	0,054376	2,250000	2,408642	-3294,516522	2686,242541	0,000000	0,000000	-34,607975	12130,672441	-67,551751	0,037481	67,703118	0,041829	0,075684	0,002174	0,000000
06.07.2020	13:37:12	Messung I (5 Zyklen)	24,014040	499,700000	9,657706	0,047495	9,582022	0,045321	43,485767	0,213857	2,250000	2,752432	-2944,017082	2734,015407	0,000000	0,000000	-30,729058	11108,880366	-67,551751	0,037481	67,703118	0,041829	0,075684	0,002174	0,000000
06.07.2020	13:37:16	Messung I (5 Zyklen)	24,025513	999,000000	19,163243	0,045058	19,087559	0,042883	43,160458	0,101481	2,250000	2,753888	-2937,069683	2743,058594	0,000000	0,000000	-30,652725	10915,459766	-67,551751	0,037481	67,703118	0,041829	0,075684	0,002174	0,000000
06.07.2020	13:37:19	Messung I (5 Zyklen)	24,022644	1498,000000	28,617610	0,052502	28,541926	0,050328	42,983726	0,078859	2,250000	2,753339	-2939,823607	2743,012523	0,000000	0,000000	-30,682981	10916,445170	-67,551751	0,037481	67,703118	0,041829	0,075684	0,002174	0,000000
06.07.2020	13:37:23	Messung I (5 Zyklen)	24,007701	1998,000000	38,065478	0,042883	37,989794	0,040709	42,866529	0,048292	2,250000	2,751916	-2941,325747	2743,032267	0,000000	0,000000	-30,699485	10916,022854	-67,551751	0,037481	67,703118	0,041829	0,075684	0,002174	0,000000
06.07.2020	13:37:26	Messung I (5 Zyklen)	27,027244	499,700000	8,878173	0,045453	8,802489	0,043279	39,975764	0,204661	2,250000	3,097823	-2600,903149	2777,325974	0,000000	0,000000	-26,984197	10182,530384	-67,551751	0,037481	67,703118	0,041829	0,075684	0,002174	0,000000
06.07.2020	13:37:30	Messung I (5 Zyklen)	27,021479	998,000000	17,611488	0,048615	17,535804	0,046441	39,705259	0,109604	2,250000	3,097064	-2591,577359	2786,533714	0,000000	0,000000	-26,883115	9985,590245	-67,551751	0,037481	67,703118	0,041829	0,075684	0,002174	0,000000
06.07.2020	13:37:34	Messung I (5 Zyklen)	27,018524	1498,000000	26,302786	0,041236	26,227102	0,039062	39,506855	0,061937	2,250000	3,096860	-2598,587349	2786,426762	0,000000	0,000000	-26,959093	9987,877791	-67,551751	0,037481	67,703118	0,041829	0,075684	0,002174	0,000000
06.07.2020	13:37:37	Messung I (5 Zyklen)	27,015771	1998,000000	34,971638	0,054347	34,895954	0,052173	39,382475	0,061202	2,250000	3,096663	-2597,836278	2786,545232	0,000000	0,000000	-26,950952	9985,343894	-67,551751	0,037481	67,703118	0,041829	0,075684	0,002174	0,000000
06.07.2020	13:37:40	Messung I (5 Zyklen)	30,019921	499,700000	8,232186	0,048286	8,156502	0,046112	37,067078	0,217417	2,250000	3,440842	-2262,295619	2820,857081	0,000000	0,000000	-23,337245	9251,463391	-67,551751	0,037481	67,703118	0,041829	0,075684	0,002174	0,000000
06.07.2020	13:37:45	Messung I (5 Zyklen)	30,001678	998,000000	16,310750	0,048154	16,235066	0,045980	36,772733	0,108564	2,250000	3,438928	-2262,984100	2830,295190	0,000000	0,000000	-23,344613	9049,595976	-67,551751	0,037481	67,703118	0,041829	0,075684	0,002174	0,000000
06.07.2020	13:37:48	Messung I (5 Zyklen)	30,023306	1498,000000	24,358428	0,032869	24,282744	0,030695	36,586424	0,049370	2,250000	3,441328	-2261,920084	2830,232664	0,000000	0,000000	-23,333227	9050,933313	-67,551751	0,037481	67,703118	0,041829	0,075684	0,002174	0,000000
06.07.2020	13:37:51	Messung I (5 Zyklen)	30,023449	1998,000000	32,369886	0,045980	32,294202	0,043806	36,452575	0,051779	2,250000	3,441457	-2262,107852	2830,211273	0,000000	0,000000	-23,335236	9051,390823	-67,551751	0,037481	67,703118	0,041829	0,075684	0,002174	0,000000
06.07.2020	13:38:01	Messung I (5 Zyklen)	1,047873	499,700000	50,576066	0,052305	50,500382	0,050131	227,728935	0,235513	2,250000	0,120387	-5527,886027	2389,859301	0,000000	0,000000	-60,764026	18469,878495	-67,551751	0,037481	67,703118	0,041829	0,075684	0,002174	0,000000
06.07.2020	13:38:05	Messung I (5 Zyklen)	1,070877	998,000000	90,217693	0,043213	90,142010	0,041039	203,396604	0,097424	2,250000	0,122764	-5524,130677	2397,925038	0,000000	0,000000	-60,717699	18297,364108	-67,551751	0,037481	67,703118	0,041829	0,075684	0,002174	0,000000
06.07.2020	13:38:09	Messung I (5 Zyklen)	1,080141	1498,000000	136,289895	0,052634	136,214211	0,050460	204,707786	0,079057	2,250000	0,123806	-5522,878893	2397,897067	0,000000	0,000000	-60,702259	18297,962384	-67,551751	0,037481	67,703118	0,041829	0,075684	0,002174	0,000000
06.07.2020	13:38:12	Messung I (5 Zyklen)	1,084243	1998,000000	182,367771	0,058103	182,292087	0,055928	205,369112	0,065431	2,250000	0,124257	-5521,940056	2397,941492	0,000000	0,000000	-60,690679	18297,012182	-67,551751	0,037481	67,703118	0,041829	0,075684	0,002174	0,000000
06.07.2020	13:38:15	Messung I (5 Zyklen)	1,914753	499,700000	41,637178	0,048945	41,561494	0,046771	187,479788	0,220384	2,250000	0,219506	-5437,882807	2396,065739	0,000000	0,000000	-59,656135	18337,131810	-67,551751	0,037481	67,703118	0,041829	0,075684	0,002174	0,000000
06.07.2020	13:38:20	Messung I (5 Zyklen)	1,947911	998,000000	78,959021	0,049274	78,883337	0,047100	178,013825	0,111089	2,250000	0,223241	-5434,628171	2404,215394	0,000000	0,000000	-59,616166	18162,822570	-67,551751	0,037481	67,703118	0,041829	0,075684	0,002174	0,000000
06.07.2020	13:38:23	Messung I (5 Zyklen)	1,959240	1498,000000	118,789792	0,041302	118,714108	0,039128	178,422585	0,062036	2,250000	0,224569	-5433,438976	2404,157805	0,000000	0,000000	-59,601563	18164,054313	-67,551751	0,037481	67,703118	0,041829	0,075684	0,002174	0,000000
06.07.2020	13:38:26	Messung I (5 Zyklen)	1,969681	1998,000000	158,536229	0,051317	158,460545	0,049142	178,531789	0,057789	2,250000	0,225726	-5435,942543	2404,230202	0,000000	0,000000	-59,632307	18162,505836	-67,551751	0,037481	67,703118	0,041829	0,075684	0,002174	0,000000
06.07.2020	13:38:29	Messung I (5 Zyklen)	2,997501	499,700000	35,286760	0,044860	35,211076	0,042686	158,885752	0,201991	2,250000	0,343559	-5321,404370	2405,010121	0,000000	0,000000	-58,229718	18145,824514	-67,551751	0,037481	67,703118	0,041829	0,075684	0,002174	0,000000
06.07.2020	13:38:34	Messung I (5 Zyklen)	3,009461	998,000000	68,092233	0,046178	68,016549	0,044004	153,514554	0,104108	2,250000	0,344995	-5320,152586	2413,228883	0,000000	0,000000	-58,214433	17970,037143	-67,551751	0,037481	67,703118	0,041829	0,075684	0,002174	0,000000
06.07.2020	13:38:37	Messung I (5 Zyklen)	3,019472	1498,000000	102,080419	0,043411	102,004735	0,041236	153,325061	0,065203	2,250000	0,346057	-5315,708755	2413,263437	0,000000	0,000000	-58,160179	17969,298097	-67,551751	0,037481	67,703118	0,041829	0,075684	0,002174	0,000000
06.07.2020	13:38:40	Messung I (5 Zyklen)	3,027331	1998,000000	135,860307	0,042752	135,784623	0,040578	152,995841	0,048144	2,250000	0,346984	-5318,525268	2413,288118	0,000000	0,000000	-58,194564	17968,770207	-67,551751	0,037481	67,703118	0,041829	0,075684	0,002174	0,000000
06.07.2020	13:38:44	Messung I (5 Zyklen)	5,051191	499,700000	27,524072	0,045716	27,448388	0,043542	123,932683	0,205848	2,250000	0,579032	-5076,931082	2446,679841	0,000000	0,000000	-55,262293	17254,569845	-67,551751	0,037481	67,703118	0,041829	0,075684	0,002174	0,000000
06.07.2020	13:38:48	Messung I (5 Zyklen)	5,062779	998,000000	53,351176	0,055401	53,275492	0,053227	120,280707	0,124903	2,250000	0,580324	-5079,935362	2454,906840	0,000000	0,000000	-55,298546	17078,606323	-67,551751	0,037481	67,703118	0,041829	0,075684	0,002174	0,000000
06.07.2020	13:38:51	Messung I (5 Zyklen)	5,064414	1498,000000	79,974771	0,047825	79,899087	0,045651	120,122320	0,071833	2,250000	0,580479	-5079,246881	2454,831152	0,000000	0,000000	-55,290237	17080,225188	-67,551751	0,037481	67,703118	0,041829	0,075684	0,002174	0,000000
06.07.2020	13:38:55	Messung I (5 Zyklen)	5,063094	1998,000000	106,453343	0,044531	106,377659	0,042356	119,879891	0,050147	2,250000	0,580397	-5076,743314	2454,832797	0,000000	0,000000	-55,260027	17080,189995	-67,551751	0,037481	67,703118	0,041829	0,075684	0,002174	0,000000
06.07.2020	13:38:58	Messung I (5 Zyklen)	4,058536	499,700000	27,382686	0,054281	27,307002	0,052107	123,296062	0,244413	2,250000	0,465224	-5165,745111	2446,752239	0,000000	0,000000	-56,336233	17253,021366	-67,551751	0,037481	67,703118	0,041829	0,075684	0,002174	0,000000
06.07.2020	13:39:02	Messung I (5 Zyklen)	3,990930	999,000000	53,967589	0,046705	53,891905	0,044531	121,548624	0,105191	2,250000	0,457400	-5170,564477	2454,882159	0,000000	0,000000	-56,394642	17079,134214	-67,551751	0,037481	67,703118	0,041829	0,075684	0,002174	0,000000
06.07.2020	13:39:06	Messung I (5 Zyklen)	3,947361	1498,000000	81,044811	0,050789	80,969128	0,048615	121,729523	0,076286	2,250000	0,452425	-5171,816260	2454,913422	0,000000	0,000000	-56,409815	17078,465553	-67,551751	0,037481	67,703118	0,041829	0,075684	0,002174	0,000000
06.07.2020	13:39:09	Messung I (5 Zyklen)	3,925992	1998,000000	108,194650	0,046968	108,118966	0,044794	121,840822	0,052892	2,250000	0,450088	-5175,634200	2454,704456	0,000000	0,000000	-56,456099	17082,935027	-67,551751	0,037481	67,703118	0,041829	0,075684	0,002174	0,000000
06.07.2020	13:39:12	Messung I (5 Zyklen)	9,879092	499,700000	18,773015	0,047693	18,697331	0,045519	84,529285	0,214747	2,250000	1,132428	-4536,473592	2511,816327	0,000000	0,000000	-48,823927	15861,395234	-67,551751	0,037481	67,703118	0,041829	0,075684	0,002174	0,000000
06.07.2020	13:39:17	Messung I (5 Zyklen)	9,894810	999,000000	36,947494	0,040775	36,871810	0,038601	83,215077	0,091836	2,250000	1,134191	-4537,349841	2520,331285	0,000000	0,000000	-48,834235	15679,272680	-67,551751	0,037481	67,703118	0,041829	0,075684	0,002174	0,000000
06.07.2020	13:39:20	Messung I (5 Zyklen)	9,895843	1498,000000	55,255825	0,053886	55,180141	0,051712	82,994396	0,080937	2,250000	1,134355	-4534,282971	2520,298377	0,000000	0,000000	-48,798159	15679,976535	-67,551751	0,037481	67,703118	0,041829	0,075684	0,002174	0,000000
06.07.2020	13:39:23	Messung I (5 Zyklen)	9,905365	1998,000000	73,460723	0,039523	73,385039	0,037349	82,726039	0,044508	2,250000	1,135328	-4537,662787	2520,298377	0,000000	0,000000	-48,837916	15679,976535	-67,551751	0,037481	67,703118	0,041829	0,075684	0,002174	0,000000
06.07.2020	13:39:26	Messung I (5 Zyklen)	12,055839	499,700000	16,353113	0,050394	16,277429	0,048220	73,633188	0,226910	2,250000	1,381830	-4290,185192	2558,397695	0,000000	0,000000	-45,942908	14865,087586	-67,551751	0,037481	67,703118	0,041829	0,075684	0,002174	0,000000
06.07.2020	13:39:31	Messung I (5 Zyklen)	12,044480	998,000000	32,371731	0,041698	32,296047	0,039523	72,982360	0,094008	2,250000	1,380626	-4287,493857	2566,869883	0,000000	0,000000	-45,911602	14683,879821	-67,551751	0,037481	67,703118	0,041829	0,075684	0,002174	0,000000
06.07.2020	13:39:34	Messung I (5 Zyklen)	12,050934	1498,000000	48,389107	0,045453	48,313423	0,043279	72,680568	0,068270	2,250000	1,381258	-4288,933409	2566,860010	0,000000	0,000000	-45,928346	14684,090978	-67,551751	0,037481	67,703118	0,041829	0,075684	0,002174	0,000000
06.07.2020	13:39:37	Messung I (5 Zyklen)	12,048037	1998,000000	64,341092	0,046968	64,265408	0,044794	72,456184	0,052892	2,250000	1,380958	-4289,872246	2566,825457	0,000000	0,000000	-45,939267	14684,830027	-67,551751	0,037481	67,703118	0,041829	0,075684	0,002174	0,000000
06.07.2020	13:39:41	Messung I (5 Zyklen)	15,019076	499,700000	14,176718	0,051317	14,101034	0,049142	63,833529	0,231063	2,250000	1,721366	-3956,459702	2601,500732	0,000000	0,000000	-42,089345	13943,176379	-67,551751	0,037481	67,703118	0,041829	0,075684	0,002174	0,000000
06.07.2020	13:39:45	Messung I (5 Zyklen)	15,014000	998,000000	28,097458	0,045387	28,021774	0,043213	63,345972	0,102326	2,250000	1,720955	-3953,830956	2610,211513	0,000000	0,000000	-42,059214	13756,865441	-67,551751	0,037481	67,703118	0,041829	0,075684	0,002174	0,000000
06.07.2020	13:39:48	Messung I (5 Zyklen)	15,006944	1498,000000	41,984452	0,045124	41,908768	0,042949	63,060759	0,067776	2,250000	1,720096	-3957,586307	2610,185187	0,000000	0,000000	-42,102259	13757,428527	-67,551751	0,037481	67,703118	0,041829	0,075684	0,002174	0,000000
06.07.2020	13:39:52	Messung I (5 Zyklen)	15,014659	1998,000000	55,806881	0,047298	55,731197	0,045124	62,845587	0,053263	2,250000	1,720984	-3953,518011	2610,106207	0,000000	0,000000	-42,055628	13759,117784	-67,551751	0,037481	67,703118	0,041829	0,075684	0,002174	0,000000
06.07.2020	13:39:55	Messung I (5 Zyklen)	18,032430	499,700000	12,459201	0,043345	12,383517	0,041171	56,100066	0,195168	2,250000	2,066761	-3617,914829	2645,910272	0,000000	0,000000	-38,236900	12993,320950	-67,551751	0,037481	67,703118	0,041829	0,075684	0,002174	0,000000
06.07.2020	13:39:59	Messung I (5 Zyklen)	18,034237	998,000000	24,702604	0,046112	24,626920	0,043938	55,692244	0,103959	2,250000	2,067076	-3613,220641	2654,800414	0,000000	0,000000	-38,183873	12803,173761	-67,551751	0,037481	67,703118	0,041829	0,075684	0,002174	0,000000
06.07.2020	13:40:03	Messung I (5 Zyklen)	18,034351	1498,000000	36,926609	0,043081	36,850925	0,040907	55,463866	0,064708	2,250000	2,067109	-3614,347246	2654,703335	0,000000	0,000000	-38,196598	12805,250142	-67,551751	0,037481	67,703118	0,041829	0,075684	0,002174	0,000000
06.07.2020	13:40:06	Messung I (5 Zyklen)	18,044935	1998,000000	49,084844	0,050065	49,009160	0,047891	55,275725	0,056379	2,250000	2,068253	-3617,539294	2654,698399	0,000000	0,000000	-38,232657	12805,355721	-67,551751	0,037481	67,703118	0,041829	0,075684	0,002174	0,000000
06.07.2020	13:40:09	Messung I (5 Zyklen)	20,045552	499,700000	11,557455	0,040314	11,481771	0,038140	52,039769	0,181522	2,250000	2,297598	-3402,670632	2664,159499	0,000000	0,000000	-35,816161	12602,996549	-67,551751	0,037481	67,703118	0,041829	0,075684	0,002174	0,000000
06.07.2020	13:40:14	Messung I (5 Zyklen)	20,023466	998,000000	22,936330	0,049274	22,860646	0,047100	51,710163	0,111089	2,250000	2,295198	-3398,164211	2673,112171	0,000000	0,000000	-35,765712	12411,511935	-67,551751	0,037481	67,703118	0,041829	0,075684	0,002174	0,000000
06.07.2020	13:40:17	Messung I (5 Zyklen)	20,038697	1498,000000	34,262332	0,044596	34,186649	0,042422	51,462115	0,066984	2,250000	2,296861	-3394,408860	2672,983829	0,000000	0,000000	-35,723678	12414,256982	-67,551751	0,037481	67,703118	0,041829	0,075684	0,002174	0,000000
06.07.2020	13:40:20	Messung I (5 Zyklen)	20,035656	1998,000000	45,557606	0,041829	45,481922	0,039655	51,303611	0,047105	2,250000	2,296487	-3398,727513	2673,048000	0,000000	0,000000	-35,772018	12412,884459	-67,551751	0,037481	67,703118	0,041829	0,075684	0,002174	0,000000
06.07.2020	13:40:23	Messung I (5 Zyklen)	21,029211	499,700000	11,112017	0,046046	11,036333	0,043872	50,034095	0,207331	2,250000	2,410336	-3286,818053	2686,665411	0,000000	0,000000	-34,522181	12121,627859	-67,551751	0,037481	67,703118	0,041829	0,075684	0,002174	0,000000
06.07.2020	13:40:28	Messung I (5 Zyklen)	21,008588	998,000000	22,053819	0,046309	21,978135	0,044135	49,720534	0,104405	2,250000	2,408031	-3282,186453	2695,708586	0,000000	0,000000	-34,470578	11928,207515	-67,551751	0,037481	67,703118	0,041829	0,075684	0,002174	0,000000
06.07.2020	13:40:31	Messung I (5 Zyklen)	21,019344	1498,000000	32,958821	0,047561	32,883138	0,045387	49,504238	0,071437	2,250000	2,409323	-3281,936096	2695,729976	0,000000	0,000000	-34,467789	11927,750007	-67,551751	0,037481	67,703118	0,041829	0,075684	0,002174	0,000000
06.07.2020	13:40:34	Messung I (5 Zyklen)	21,023647	1998,000000	43,831313	0,047891	43,755629	0,045716	49,359586	0,053931	2,250000	2,409731	-3283,563415	2695,641124	0,000000	0,000000	-34,485918	11929,650425	-67,551751	0,037481	67,703118	0,041829	0,075684	0,002174	0,000000
06.07.2020	13:40:38	Messung I (5 Zyklen)	24,024882	499,700000	10,116452	0,038667	10,040768	0,036493	45,551364	0,174106	2,250000	2,753753	-2939,948785	2733,324334	0,000000	0,000000	-30,684356	11123,661415	-67,551751	0,037481	67,703118	0,041829	0,075684	0,002174	0,000000
06.07.2020	13:40:42	Messung I (5 Zyklen)	24,025341	998,000000	20,045622	0,043938	19,969938	0,041763	45,193035	0,099058	2,250000	2,753763	-2935,567542	2742,467891	0,000000	0,000000	-30,636224	10928,094046	-67,551751	0,037481	67,703118	0,041829	0,075684	0,002174	0,000000
06.07.2020	13:40:45	Messung I (5 Zyklen)	24,027435	1498,000000	29,943124	0,048879	29,867440	0,046705	44,974652	0,073416	2,250000	2,753967	-2934,378348	2742,456373	0,000000	0,000000	-30,623161	10928,340397	-67,551751	0,037481	67,703118	0,041829	0,075684	0,002174	0,000000
06.07.2020	13:40:49	Messung I (5 Zyklen)	24,031536	1998,000000	39,810941	0,045914	39,735257	0,043740	44,832140	0,051705	2,250000	2,754493	-2932,125137	2742,443210	0,000000	0,000000	-30,598412	10928,621941	-67,551751	0,037481	67,703118	0,041829	0,075684	0,002174	0,000000
06.07.2020	13:40:52	Messung I (5 Zyklen)	27,017176	499,700000	9,268664	0,043147	9,192980	0,040973	41,734028	0,194278	2,250000	3,096820	-2598,399581	2777,307875	0,000000	0,000000	-26,957058	10182,917508	-67,551751	0,037481	67,703118	0,041829	0,075684	0,002174	0,000000
06.07.2020	13:40:56	Messung I (5 Zyklen)	27,019069	998,000000	18,362363	0,046112	18,286679	0,043938	41,398113	0,103959	2,250000	3,096893	-2594,957176	2786,583076	0,000000	0,000000	-26,919745	9984,534454	-67,551751	0,037481	67,703118	0,041829	0,075684	0,002174	0,000000
06.07.2020	13:41:00	Messung I (5 Zyklen)	27,013534	1498,000000	27,426235	0,048747	27,350551	0,046573	41,194278	0,073218	2,250000	3,096255	-2598,399581	2786,507387	0,000000	0,000000	-26,957058	9986,153333	-67,551751	0,037481	67,703118	0,041829	0,075684	0,002174	0,000000
06.07.2020	13:41:03	Messung I (5 Zyklen)	27,009948	1998,000000	36,461469	0,051119	36,385785	0,048945	41,060213	0,057566	2,250000	3,095952	-2600,465024	2786,504096	0,000000	0,000000	-26,979448	9986,223719	-67,551751	0,037481	67,703118	0,041829	0,075684	0,002174	0,000000
06.07.2020	13:41:06	Messung I (5 Zyklen)	30,025629	499,700000	8,583345	0,042949	8,507661	0,040775	38,648240	0,193388	2,250000	3,441628	-2265,550257	2819,808950	0,000000	0,000000	-23,372075	9273,881370	-67,551751	0,037481	67,703118	0,041829	0,075684	0,002174	0,000000
06.07.2020	13:41:11	Messung I (5 Zyklen)	29,965968	998,000000	16,998244	0,047166	16,922560	0,044992	38,322695	0,106336	2,250000	3,434717	-2261,231603	2829,299713	0,000000	0,000000	-23,325860	9070,887783	-67,551751	0,037481	67,703118	0,041829	0,075684	0,002174	0,000000
06.07.2020	13:41:14	Messung I (5 Zyklen)	29,990750	1498,000000	25,382787	0,043213	25,307103	0,041039	38,125013	0,064906	2,250000	3,437784	-2265,112133	2829,207569	0,000000	0,000000	-23,367386	9072,858595	-67,551751	0,037481	67,703118	0,041829	0,075684	0,002174	0,000000
06.07.2020	13:41:17	Messung I (5 Zyklen)	30,006411	1998,000000	33,753512	0,051712	33,677828	0,049538	38,010711	0,058234	2,250000	3,439481	-2263,922938	2829,210860	0,000000	0,000000	-23,354659	9072,788208	-67,551751	0,037481	67,703118	0,041829	0,075684	0,002174	0,000000
06.07.2020	13:41:27	Messung I (5 Zyklen)	1,062272	499,700000	61,477025	0,041039	61,401341	0,038865	276,812700	0,184785	2,250000	0,121742	-5529,388167	2392,276389	0,000000	0,000000	-60,782559	18418,180491	-67,551751	0,037481	67,703118	0,041829	0,075684	0,002174	0,000000
06.07.2020	13:41:31	Messung I (5 Zyklen)	1,082522	999,000000	104,430903	0,048747	104,355219	0,046573	235,204736	0,109791	2,250000	0,124050	-5525,069514	2400,358581	0,000000	0,000000	-60,729280	18245,314167	-67,551751	0,037481	67,703118	0,041829	0,075684	0,002174	0,000000
06.07.2020	13:41:35	Messung I (5 Zyklen)	1,078650	1498,000000	157,952057	0,052898	157,876373	0,050724	237,244412	0,079453	2,250000	0,123616	-5527,573081	2400,391489	0,000000	0,000000	-60,760165	18244,610314	-67,551751	0,037481	67,703118	0,041829	0,075684	0,002174	0,000000
06.07.2020	13:41:38	Messung I (5 Zyklen)	1,081719	1998,000000	211,320180	0,039326	211,244496	0,037152	237,973176	0,044286	2,250000	0,124020	-5524,068088	2400,379972	0,000000	0,000000	-60,716927	18244,856663	-67,551751	0,037481	67,703118	0,041829	0,075684	0,002174	0,000000
06.07.2020	13:41:41	Messung I (5 Zyklen)	1,918396	499,700000	48,884688	0,039392	48,809004	0,037218	220,113163	0,177369	2,250000	0,219940	-5438,884234	2398,596361	0,000000	0,000000	-59,668435	18283,005504	-67,551751	0,037481	67,703118	0,041829	0,075684	0,002174	0,000000
06.07.2020	13:41:46	Messung I (5 Zyklen)	1,952959	998,000000	90,860538	0,044992	90,784854	0,042818	204,845903	0,101434	2,250000	0,223803	-5435,942543	2406,722980	0,000000	0,000000	-59,632307	18109,188951	-67,551751	0,037481	67,703118	0,041829	0,075684	0,002174	0,000000
06.07.2020	13:41:49	Messung I (5 Zyklen)	1,969251	1498,000000	136,733253	0,048549	136,657569	0,046375	205,373711	0,072921	2,250000	0,225707	-5436,255489	2406,759179	0,000000	0,000000	-59,636150	18108,414712	-67,551751	0,037481	67,703118	0,041829	0,075684	0,002174	0,000000
06.07.2020	13:41:52	Messung I (5 Zyklen)	1,976508	1998,000000	182,428390	0,035241	182,352707	0,033067	205,437377	0,039686	2,250000	0,226512	-5435,879954	2406,726271	0,000000	0,000000	-59,631538	18109,118565	-67,551751	0,037481	67,703118	0,041829	0,075684	0,002174	0,000000
06.07.2020	13:41:55	Messung I (5 Zyklen)	2,996181	499,700000	40,876350	0,041566	40,800666	0,039392	184,054006	0,187159	2,250000	0,343437	-5320,590710	2407,664147	0,000000	0,000000	-58,219783	18089,058746	-67,551751	0,037481	67,703118	0,041829	0,075684	0,002174	0,000000
06.07.2020	13:42:00	Messung I (5 Zyklen)	3,009892	998,000000	78,331466	0,043279	78,255782	0,041105	176,598996	0,097572	2,250000	0,344962	-5317,273485	2415,790768	0,000000	0,000000	-58,179282	17915,242153	-67,551751	0,037481	67,703118	0,041829	0,075684	0,002174	0,000000
06.07.2020	13:42:03	Messung I (5 Zyklen)	3,021422	1498,000000	117,618326	0,047429	117,542642	0,045255	176,663040	0,071239	2,250000	0,346327	-5317,836787	2415,833549	0,000000	0,000000	-58,186159	17914,327143	-67,551751	0,037481	67,703118	0,041829	0,075684	0,002174	0,000000
06.07.2020	13:42:06	Messung I (5 Zyklen)	3,028507	1998,000000	156,562262	0,060211	156,486578	0,058037	176,308854	0,067805	2,250000	0,347132	-5319,651873	2415,910882	0,000000	0,000000	-58,208320	17912,673088	-67,551751	0,037481	67,703118	0,041829	0,075684	0,002174	0,000000
06.07.2020	13:42:10	Messung I (5 Zyklen)	5,048724	499,700000	31,958640	0,043872	31,882956	0,041698	143,900219	0,197541	2,250000	0,578710	-5078,558400	2446,482394	0,000000	0,000000	-55,281929	17258,792969	-67,551751	0,037481	67,703118	0,041829	0,075684	0,002174	0,000000
06.07.2020	13:42:14	Messung I (5 Zyklen)	5,056211	998,000000	61,616700	0,049340	61,541016	0,047166	138,915406	0,111238	2,250000	0,579549	-5079,622416	2454,722555	0,000000	0,000000	-55,294769	17082,547907	-67,551751	0,037481	67,703118	0,041829	0,075684	0,002174	0,000000
06.07.2020	13:42:17	Messung I (5 Zyklen)	5,064930	1498,000000	92,286960	0,048088	92,211276	0,045914	138,615261	0,072229	2,250000	0,580551	-5077,056260	2454,734073	0,000000	0,000000	-55,263803	17082,301558	-67,551751	0,037481	67,703118	0,041829	0,075684	0,002174	0,000000
06.07.2020	13:42:21	Messung I (5 Zyklen)	5,066336	1998,000000	122,745836	0,040248	122,670152	0,038074	138,227293	0,045325	2,250000	0,580735	-5076,805903	2454,691293	0,000000	0,000000	-55,260783	17083,216568	-67,551751	0,037481	67,703118	0,041829	0,075684	0,002174	0,000000
06.07.2020	13:42:24	Messung I (5 Zyklen)	4,072705	499,700000	31,689175	0,042818	31,613491	0,040643	142,686900	0,192795	2,250000	0,466858	-5162,740831	2446,559727	0,000000	0,000000	-56,299830	17257,138912	-67,551751	0,037481	67,703118	0,041829	0,075684	0,002174	0,000000
06.07.2020	13:42:28	Messung I (5 Zyklen)	3,988349	998,000000	62,208541	0,050855	62,132857	0,048681	140,249716	0,114654	2,250000	0,457153	-5170,877423	2454,714328	0,000000	0,000000	-56,398435	17082,723870	-67,551751	0,037481	67,703118	0,041829	0,075684	0,002174	0,000000
06.07.2020	13:42:32	Messung I (5 Zyklen)	3,962592	1498,000000	93,362411	0,050065	93,286727	0,047891	140,230590	0,075197	2,250000	0,454197	-5176,698215	2454,763690	0,000000	0,000000	-56,468999	17081,668089	-67,551751	0,037481	67,703118	0,041829	0,075684	0,002174	0,000000
06.07.2020	13:42:35	Messung I (5 Zyklen)	3,950860	1998,000000	124,585928	0,042554	124,510244	0,040380	140,299469	0,047921	2,250000	0,452873	-5175,258665	2454,743945	0,000000	0,000000	-56,451546	17082,090402	-67,551751	0,037481	67,703118	0,041829	0,075684	0,002174	0,000000
06.07.2020	13:42:38	Messung I (5 Zyklen)	9,853994	499,700000	21,736919	0,046178	21,661235	0,044004	97,874860	0,207924	2,250000	1,129631	-4542,231796	2512,431708	0,000000	0,000000	-48,891672	15848,233141	-67,551751	0,037481	67,703118	0,041829	0,075684	0,002174	0,000000
06.07.2020	13:42:43	Messung I (5 Zyklen)	9,937691	998,000000	42,569568	0,042225	42,493884	0,040051	95,973475	0,095196	2,250000	1,139083	-4532,029761	2520,900594	0,000000	0,000000	-48,771658	15667,095982	-67,551751	0,037481	67,703118	0,041829	0,075684	0,002174	0,000000
06.07.2020	13:42:46	Messung I (5 Zyklen)	9,945148	1498,000000	63,659779	0,049669	63,584095	0,047495	95,617159	0,074604	2,250000	1,140016	-4532,906009	2520,889077	0,000000	0,000000	-48,781963	15667,342332	-67,551751	0,037481	67,703118	0,041829	0,075684	0,002174	0,000000
06.07.2020	13:42:49	Messung I (5 Zyklen)	9,951659	1998,000000	84,614472	0,040643	84,538788	0,038469	95,286567	0,045770	2,250000	1,140766	-4534,345560	2520,913758	0,000000	0,000000	-48,798895	15666,814440	-67,551751	0,037481	67,703118	0,041829	0,075684	0,002174	0,000000
06.07.2020	13:42:52	Messung I (5 Zyklen)	12,044566	499,700000	18,886730	0,041961	18,811046	0,039787	85,041309	0,188938	2,250000	1,380465	-4288,870819	2558,753102	0,000000	0,000000	-45,927618	14857,485940	-67,551751	0,037481	67,703118	0,041829	0,075684	0,002174	0,000000
06.07.2020	13:42:57	Messung I (5 Zyklen)	12,047922	998,000000	37,261431	0,045255	37,185747	0,043081	84,006232	0,102028	2,250000	1,380922	-4287,556447	2567,291106	0,000000	0,000000	-45,912330	14674,870461	-67,551751	0,037481	67,703118	0,041829	0,075684	0,002174	0,000000
06.07.2020	13:43:00	Messung I (5 Zyklen)	12,037195	1498,000000	55,733222	0,044596	55,657538	0,042422	83,711449	0,066984	2,250000	1,379719	-4293,126883	2567,355277	0,000000	0,000000	-45,977130	14673,497941	-67,551751	0,037481	67,703118	0,041829	0,075684	0,002174	0,000000
06.07.2020	13:43:03	Messung I (5 Zyklen)	12,039346	1998,000000	74,103694	0,043542	74,028010	0,041368	83,450105	0,049034	2,250000	1,379933	-4290,873673	2567,297688	0,000000	0,000000	-45,950917	14674,729690	-67,551751	0,037481	67,703118	0,041829	0,075684	0,002174	0,000000
06.07.2020	13:43:07	Messung I (5 Zyklen)	15,032271	499,700000	16,259756	0,034912	16,184072	0,032737	73,212830	0,157197	2,250000	1,722970	-3953,392832	2601,833104	0,000000	0,000000	-42,054193	13936,067424	-67,551751	0,037481	67,703118	0,041829	0,075684	0,002174	0,000000
06.07.2020	13:43:11	Messung I (5 Zyklen)	15,016552	998,000000	32,131321	0,039787	32,055637	0,037613	72,440353	0,089700	2,250000	1,721227	-3948,135341	2610,491232	0,000000	0,000000	-41,993943	13750,882656	-67,551751	0,037481	67,703118	0,041829	0,075684	0,002174	0,000000
06.07.2020	13:43:14	Messung I (5 Zyklen)	15,029230	1498,000000	48,045060	0,046441	47,969376	0,044267	72,163809	0,069755	2,250000	1,722631	-3950,388552	2610,479714	0,000000	0,000000	-42,019763	13751,129006	-67,551751	0,037481	67,703118	0,041829	0,075684	0,002174	0,000000
06.07.2020	13:43:18	Messung I (5 Zyklen)	15,021515	1998,000000	63,909811	0,055138	63,834127	0,052964	71,970508	0,062092	2,250000	1,721747	-3953,079886	2610,492878	0,000000	0,000000	-42,050606	13750,847463	-67,551751	0,037481	67,703118	0,041829	0,075684	0,002174	0,000000
06.07.2020	13:43:21	Messung I (5 Zyklen)	18,038711	499,700000	14,177047	0,047825	14,101363	0,045651	63,835012	0,215341	2,250000	2,067530	-3614,910548	2646,015578	0,000000	0,000000	-38,202961	12991,068605	-67,551751	0,037481	67,703118	0,041829	0,075684	0,002174	0,000000
06.07.2020	13:43:25	Messung I (5 Zyklen)	18,040059	998,000000	28,075782	0,053030	28,000098	0,050855	63,297104	0,119556	2,250000	2,067747	-3608,651630	2654,956728	0,000000	0,000000	-38,132270	12799,830436	-67,551751	0,037481	67,703118	0,041829	0,075684	0,002174	0,000000
06.07.2020	13:43:29	Messung I (5 Zyklen)	18,028672	1498,000000	41,940046	0,052173	41,864363	0,049999	62,994062	0,078364	2,250000	2,066373	-3610,904841	2654,846485	0,000000	0,000000	-38,157717	12802,188360	-67,551751	0,037481	67,703118	0,041829	0,075684	0,002174	0,000000
06.07.2020	13:43:32	Messung I (5 Zyklen)	18,018346	1998,000000	55,768075	0,040578	55,692391	0,038403	62,801886	0,045695	2,250000	2,065248	-3615,160905	2654,871167	0,000000	0,000000	-38,205789	12801,660467	-67,551751	0,037481	67,703118	0,041829	0,075684	0,002174	0,000000
06.07.2020	13:43:35	Messung I (5 Zyklen)	20,026535	499,700000	13,093396	0,053095	13,017712	0,050921	58,955653	0,239073	2,250000	2,295461	-3398,351978	2663,489818	0,000000	0,000000	-35,767814	12617,320061	-67,551751	0,037481	67,703118	0,041829	0,075684	0,002174	0,000000
06.07.2020	13:43:40	Messung I (5 Zyklen)	20,033276	998,000000	25,939240	0,055928	25,863556	0,053754	58,480251	0,126091	2,250000	2,296224	-3394,596627	2672,518178	0,000000	0,000000	-35,725780	12424,216577	-67,551751	0,037481	67,703118	0,041829	0,075684	0,002174	0,000000
06.07.2020	13:43:43	Messung I (5 Zyklen)	20,010272	1498,000000	38,774191	0,042554	38,698507	0,040380	58,238939	0,063916	2,250000	2,293607	-3400,167064	2672,434262	0,000000	0,000000	-35,788133	12426,011415	-67,551751	0,037481	67,703118	0,041829	0,075684	0,002174	0,000000
06.07.2020	13:43:46	Messung I (5 Zyklen)	20,009526	1998,000000	51,557214	0,047298	51,481530	0,045124	58,059925	0,053263	2,250000	2,293551	-3398,852692	2672,475398	0,000000	0,000000	-35,773419	12425,131592	-67,551751	0,037481	67,703118	0,041829	0,075684	0,002174	0,000000
06.07.2020	13:43:49	Messung I (5 Zyklen)	21,034833	499,700000	12,537734	0,049340	12,462051	0,047166	56,453677	0,222164	2,250000	2,411000	-3282,812345	2688,797863	0,000000	0,000000	-34,477550	12076,017826	-67,551751	0,037481	67,703118	0,041829	0,075684	0,002174	0,000000
06.07.2020	13:43:54	Messung I (5 Zyklen)	21,025683	998,000000	24,856640	0,046244	24,780956	0,044069	56,039519	0,104256	2,250000	2,409961	-3275,301643	2697,872301	0,000000	0,000000	-34,393889	11881,928804	-67,551751	0,037481	67,703118	0,041829	0,075684	0,002174	0,000000
06.07.2020	13:43:57	Messung I (5 Zyklen)	21,028121	1498,000000	37,148308	0,058300	37,072625	0,056126	55,796858	0,087567	2,250000	2,410234	-3278,493691	2697,770285	0,000000	0,000000	-34,429442	11884,110767	-67,551751	0,037481	67,703118	0,041829	0,075684	0,002174	0,000000
06.07.2020	13:44:00	Messung I (5 Zyklen)	21,027634	1998,000000	49,394961	0,045058	49,319277	0,042883	55,624956	0,050741	2,250000	2,410224	-3281,998686	2697,730795	0,000000	0,000000	-34,468486	11884,955397	-67,551751	0,037481	67,703118	0,041829	0,075684	0,002174	0,000000
06.07.2020	13:44:04	Messung I (5 Zyklen)	24,022300	499,700000	11,339973	0,046968	11,264289	0,044794	51,060516	0,211484	2,250000	2,753484	-2938,759591	2734,156913	0,000000	0,000000	-30,671291	11105,853771	-67,551751	0,037481	67,703118	0,041829	0,075684	0,002174	0,000000
06.07.2020	13:44:08	Messung I (5 Zyklen)	24,008332	998,000000	22,478241	0,049208	22,402557	0,047034	50,677398	0,110941	2,250000	2,751814	-2937,883342	2743,233008	0,000000	0,000000	-30,661664	10911,729310	-67,551751	0,037481	67,703118	0,041829	0,075684	0,002174	0,000000
06.07.2020	13:44:11	Messung I (5 Zyklen)	24,005119	1498,000000	33,578986	0,058168	33,503302	0,055994	50,435726	0,087369	2,250000	2,751491	-2937,632985	2743,180355	0,000000	0,000000	-30,658914	10912,855486	-67,551751	0,037481	67,703118	0,041829	0,075684	0,002174	0,000000
06.07.2020	13:44:15	Messung I (5 Zyklen)	24,016965	1998,000000	44,642938	0,040709	44,567254	0,038535	50,273579	0,045844	2,250000	2,752935	-2935,880488	2743,099729	0,000000	0,000000	-30,639662	10914,579942	-67,551751	0,037481	67,703118	0,041829	0,075684	0,002174	0,000000
06.07.2020	13:44:18	Messung I (5 Zyklen)	27,019328	499,700000	10,301650	0,059420	10,225966	0,057246	46,385257	0,267551	2,250000	3,097050	-2600,214668	2777,569496	0,000000	0,000000	-26,976734	10177,321818	-67,551751	0,037481	67,703118	0,041829	0,075684	0,002174	0,000000
06.07.2020	13:44:22	Messung I (5 Zyklen)	27,015025	998,000000	20,395859	0,059223	20,320175	0,057048	45,982647	0,133518	2,250000	3,096426	-2593,767981	2786,836470	0,000000	0,000000	-26,906856	9979,114728	-67,551751	0,037481	67,703118	0,041829	0,075684	0,002174	0,000000
06.07.2020	13:44:26	Messung I (5 Zyklen)	27,016459	1498,000000	30,464528	0,043279	30,388844	0,041105	45,757802	0,065005	2,250000	3,096659	-2594,080927	2786,750908	0,000000	0,000000	-26,910248	9980,944765	-67,551751	0,037481	67,703118	0,041829	0,075684	0,002174	0,000000
06.07.2020	13:44:29	Messung I (5 Zyklen)	27,017406	1998,000000	40,506214	0,045189	40,430530	0,043015	45,615106	0,050889	2,250000	3,096758	-2595,270122	2786,767363	0,000000	0,000000	-26,923137	9980,592835	-67,551751	0,037481	67,703118	0,041829	0,075684	0,002174	0,000000
06.07.2020	13:44:32	Messung I (5 Zyklen)	30,019433	499,700000	9,437787	0,051119	9,362103	0,048945	42,495538	0,230173	2,250000	3,440842	-2266,989809	2819,708580	0,000000	0,000000	-23,387481	9276,028146	-67,551751	0,037481	67,703118	0,041829	0,075684	0,002174	0,000000
06.07.2020	13:44:37	Messung I (5 Zyklen)	30,013496	998,000000	18,669380	0,047495	18,593696	0,045321	42,090286	0,107079	2,250000	3,440119	-2259,604284	2829,061127	0,000000	0,000000	-23,308447	9075,990778	-67,551751	0,037481	67,703118	0,041829	0,075684	0,002174	0,000000
06.07.2020	13:44:40	Messung I (5 Zyklen)	30,016077	1498,000000	27,893679	0,045453	27,817995	0,043279	41,896381	0,068270	2,250000	3,440562	-2257,538841	2828,970629	0,000000	0,000000	-23,286348	9077,926396	-67,551751	0,037481	67,703118	0,041829	0,075684	0,002174	0,000000
06.07.2020	13:44:43	Messung I (5 Zyklen)	30,017827	1998,000000	37,069445	0,045189	36,993762	0,043015	41,744871	0,050889	2,250000	3,440740	-2261,294192	2828,898231	0,000000	0,000000	-23,326529	9079,474891	-67,551751	0,037481	67,703118	0,041829	0,075684	0,002174	0,000000
06.07.2020	13:44:53	Messung I (5 Zyklen)	1,042854	499,700000	60,040612	0,044135	59,964928	0,041961	270,344960	0,198728	2,250000	0,119802	-5528,762275	2390,532268	0,000000	0,000000	-60,774837	18455,484701	-67,551751	0,037481	67,703118	0,041829	0,075684	0,002174	0,000000
06.07.2020	13:44:57	Messung I (5 Zyklen)	1,068840	998,000000	101,313704	0,046375	101,238020	0,044201	228,412659	0,104554	2,250000	0,122501	-5525,507638	2398,667113	0,000000	0,000000	-60,734685	18281,492220	-67,551751	0,037481	67,703118	0,041829	0,075684	0,002174	0,000000
06.07.2020	13:45:01	Messung I (5 Zyklen)	1,081059	1498,000000	153,545808	0,049669	153,470124	0,047495	230,626214	0,074604	2,250000	0,123882	-5528,136383	2398,611169	0,000000	0,000000	-60,767115	18282,688770	-67,551751	0,037481	67,703118	0,041829	0,075684	0,002174	0,000000
06.07.2020	13:45:04	Messung I (5 Zyklen)	1,079797	1998,000000	205,725043	0,041105	205,649359	0,038930	231,672346	0,046289	2,250000	0,123731	-5523,567374	2398,596361	0,000000	0,000000	-60,710751	18283,005504	-67,551751	0,037481	67,703118	0,041829	0,075684	0,002174	0,000000
06.07.2020	13:45:07	Messung I (5 Zyklen)	1,976766	499,700000	46,969766	0,048484	46,894082	0,046309	211,490840	0,218307	2,250000	0,226598	-5433,126031	2397,062850	0,000000	0,000000	-59,597721	18315,805060	-67,551751	0,037481	67,703118	0,041829	0,075684	0,002174	0,000000
06.07.2020	13:45:12	Messung I (5 Zyklen)	1,993144	998,000000	88,362162	0,053688	88,286478	0,051514	199,213290	0,121041	2,250000	0,228429	-5433,501566	2405,173015	0,000000	0,000000	-59,602332	18142,340440	-67,551751	0,037481	67,703118	0,041829	0,075684	0,002174	0,000000
06.07.2020	13:45:15	Messung I (5 Zyklen)	2,006223	1498,000000	132,816697	0,047166	132,741013	0,044992	199,491033	0,070843	2,250000	0,229931	-5429,996572	2405,090745	0,000000	0,000000	-59,559298	18144,100074	-67,551751	0,037481	67,703118	0,041829	0,075684	0,002174	0,000000
06.07.2020	13:45:18	Messung I (5 Zyklen)	2,013250	1998,000000	177,265678	0,048418	177,189995	0,046244	199,623512	0,054524	2,250000	0,230747	-5430,935410	2405,136816	0,000000	0,000000	-59,570824	18143,114679	-67,551751	0,037481	67,703118	0,041829	0,075684	0,002174	0,000000
06.07.2020	13:45:21	Messung I (5 Zyklen)	3,013707	499,700000	39,686156	0,051448	39,610472	0,049274	178,694920	0,231656	2,250000	0,345482	-5317,461252	2405,826238	0,000000	0,000000	-58,181574	18128,368953	-67,551751	0,037481	67,703118	0,041829	0,075684	0,002174	0,000000
06.07.2020	13:45:26	Messung I (5 Zyklen)	3,031519	998,000000	76,200943	0,048418	76,125259	0,046244	171,795712	0,109158	2,250000	0,347425	-5316,522415	2414,023611	0,000000	0,000000	-58,170112	17953,039083	-67,551751	0,037481	67,703118	0,041829	0,075684	0,002174	0,000000
06.07.2020	13:45:29	Messung I (5 Zyklen)	3,043135	1498,000000	114,435212	0,048088	114,359528	0,045914	171,881993	0,072229	2,250000	0,348819	-5315,520988	2413,936405	0,000000	0,000000	-58,157887	17954,904294	-67,551751	0,037481	67,703118	0,041829	0,075684	0,002174	0,000000
06.07.2020	13:45:32	Messung I (5 Zyklen)	3,049790	1998,000000	152,305586	0,049604	152,229903	0,047429	171,515300	0,055860	2,250000	0,349578	-5318,149733	2413,990703	0,000000	0,000000	-58,189979	17953,742936	-67,551751	0,037481	67,703118	0,041829	0,075684	0,002174	0,000000
06.07.2020	13:45:36	Messung I (5 Zyklen)	5,065074	499,700000	30,768120	0,048549	30,692436	0,046375	138,539665	0,218604	2,250000	0,580640	-5074,990817	2446,386960	0,000000	0,000000	-55,238883	17260,834146	-67,551751	0,037481	67,703118	0,041829	0,075684	0,002174	0,000000
06.07.2020	13:45:40	Messung I (5 Zyklen)	5,064787	998,000000	59,230167	0,045651	59,154483	0,043476	133,534946	0,102920	2,250000	0,580541	-5073,551267	2454,630413	0,000000	0,000000	-55,221515	17084,518698	-67,551751	0,037481	67,703118	0,041829	0,075684	0,002174	0,000000
06.07.2020	13:45:43	Messung I (5 Zyklen)	5,064213	1498,000000	88,790417	0,040446	88,714733	0,038272	133,363443	0,060750	2,250000	0,580420	-5073,676445	2454,579405	0,000000	0,000000	-55,223026	17085,609672	-67,551751	0,037481	67,703118	0,041829	0,075684	0,002174	0,000000
06.07.2020	13:45:47	Messung I (5 Zyklen)	5,065274	1998,000000	118,152601	0,043872	118,076917	0,041698	133,054731	0,049405	2,250000	0,580610	-5072,174305	2454,520171	0,000000	0,000000	-55,204904	17086,876610	-67,551751	0,037481	67,703118	0,041829	0,075684	0,002174	0,000000
06.07.2020	13:45:50	Messung I (5 Zyklen)	4,095995	499,700000	30,355556	0,054545	30,279872	0,052371	136,682012	0,245599	2,250000	0,469554	-5162,365296	2446,416578	0,000000	0,000000	-56,295280	17260,200677	-67,551751	0,037481	67,703118	0,041829	0,075684	0,002174	0,000000
06.07.2020	13:45:54	Messung I (5 Zyklen)	3,958519	998,000000	59,786034	0,048220	59,710350	0,046046	134,788154	0,108713	2,250000	0,453727	-5171,065190	2454,576115	0,000000	0,000000	-56,400711	17085,680058	-67,551751	0,037481	67,703118	0,041829	0,075684	0,002174	0,000000
06.07.2020	13:45:58	Messung I (5 Zyklen)	3,930209	1498,000000	89,820272	0,048418	89,744588	0,046244	134,910289	0,072724	2,250000	0,450473	-5170,001175	2454,513589	0,000000	0,000000	-56,387814	17087,017381	-67,551751	0,037481	67,703118	0,041829	0,075684	0,002174	0,000000
06.07.2020	13:46:01	Messung I (5 Zyklen)	3,925218	1998,000000	119,934772	0,044069	119,859088	0,041895	135,061681	0,049628	2,250000	0,449877	-5169,250105	2454,507008	0,000000	0,000000	-56,378711	17087,158151	-67,551751	0,037481	67,703118	0,041829	0,075684	0,002174	0,000000
06.07.2020	13:46:04	Messung I (5 Zyklen)	9,847368	499,700000	20,806709	0,043542	20,731025	0,041368	93,686401	0,196058	2,250000	1,128753	-4541,418137	2512,073010	0,000000	0,000000	-48,882098	15855,905163	-67,551751	0,037481	67,703118	0,041829	0,075684	0,002174	0,000000
06.07.2020	13:46:09	Messung I (5 Zyklen)	9,997609	998,000000	40,770738	0,045453	40,695054	0,043279	91,917996	0,102474	2,250000	1,145954	-4522,078082	2520,587968	0,000000	0,000000	-48,654643	15673,782608	-67,551751	0,037481	67,703118	0,041829	0,075684	0,002174	0,000000
06.07.2020	13:46:12	Messung I (5 Zyklen)	10,020068	1498,000000	60,900206	0,042356	60,824523	0,040182	91,472273	0,063619	2,250000	1,148525	-4521,389602	2520,555060	0,000000	0,000000	-48,646549	15674,486464	-67,551751	0,037481	67,703118	0,041829	0,075684	0,002174	0,000000
06.07.2020	13:46:15	Messung I (5 Zyklen)	10,035356	1998,000000	80,936496	0,046441	80,860812	0,044267	91,144703	0,052299	2,250000	1,150231	-4525,395309	2520,546833	0,000000	0,000000	-48,693642	15674,662427	-67,551751	0,037481	67,703118	0,041829	0,075684	0,002174	0,000000
06.07.2020	13:46:18	Messung I (5 Zyklen)	12,044222	499,700000	17,913301	0,044926	17,837617	0,042752	80,658248	0,202288	2,250000	1,380422	-4293,001705	2559,022949	0,000000	0,000000	-45,975674	14851,714320	-67,551751	0,037481	67,703118	0,041829	0,075684	0,002174	0,000000
06.07.2020	13:46:23	Messung I (5 Zyklen)	12,036392	998,000000	35,432232	0,044399	35,356548	0,042225	79,882286	0,100098	2,250000	1,379716	-4291,186619	2567,575761	0,000000	0,000000	-45,954557	14668,782105	-67,551751	0,037481	67,703118	0,041829	0,075684	0,002174	0,000000
06.07.2020	13:46:26	Messung I (5 Zyklen)	12,052569	1498,000000	52,994149	0,050921	52,918465	0,048747	79,597353	0,076484	2,250000	1,381471	-4288,995998	2567,491846	0,000000	0,000000	-45,929074	14670,576938	-67,551751	0,037481	67,703118	0,041829	0,075684	0,002174	0,000000
06.07.2020	13:46:29	Messung I (5 Zyklen)	12,051135	1998,000000	70,505394	0,046968	70,429710	0,044794	79,397966	0,052892	2,250000	1,381267	-4290,247781	2567,472101	0,000000	0,000000	-45,943636	14670,999252	-67,551751	0,037481	67,703118	0,041829	0,075684	0,002174	0,000000
06.07.2020	13:46:33	Messung I (5 Zyklen)	15,020654	499,700000	15,391280	0,049933	15,315596	0,047759	69,302340	0,224833	2,250000	1,721609	-3954,018724	2601,849558	0,000000	0,000000	-42,061366	13935,715496	-67,551751	0,037481	67,703118	0,041829	0,075684	0,002174	0,000000
06.07.2020	13:46:37	Messung I (5 Zyklen)	15,002469	998,000000	30,482646	0,036295	30,406962	0,034121	68,723400	0,081828	2,250000	1,719607	-3952,203638	2610,532367	0,000000	0,000000	-42,040564	13750,002835	-67,551751	0,037481	67,703118	0,041829	0,075684	0,002174	0,000000
06.07.2020	13:46:40	Messung I (5 Zyklen)	15,002010	1498,000000	45,552994	0,053161	45,477311	0,050987	68,420719	0,079848	2,250000	1,719666	-3953,705778	2610,492878	0,000000	0,000000	-42,057780	13750,847463	-67,551751	0,037481	67,703118	0,041829	0,075684	0,002174	0,000000
06.07.2020	13:46:44	Messung I (5 Zyklen)	15,012709	1998,000000	60,580535	0,047957	60,504851	0,045782	68,221323	0,054005	2,250000	1,720790	-3955,020151	2610,489587	0,000000	0,000000	-42,072844	13750,917849	-67,551751	0,037481	67,703118	0,041829	0,075684	0,002174	0,000000
06.07.2020	13:46:47	Messung I (5 Zyklen)	18,043473	499,700000	13,438164	0,045519	13,362480	0,043345	60,508042	0,204958	2,250000	2,067964	-3616,975991	2646,392377	0,000000	0,000000	-38,226293	12983,009434	-67,551751	0,037481	67,703118	0,041829	0,075684	0,002174	0,000000
06.07.2020	13:46:51	Messung I (5 Zyklen)	18,043874	998,000000	26,625089	0,043213	26,549405	0,041039	60,026503	0,097424	2,250000	2,068237	-3612,094035	2655,228220	0,000000	0,000000	-38,171148	12794,023609	-67,551751	0,037481	67,703118	0,041829	0,075684	0,002174	0,000000
06.07.2020	13:46:55	Messung I (5 Zyklen)	18,032544	1498,000000	39,785246	0,039128	39,709562	0,036954	59,757545	0,058771	2,250000	2,066919	-3611,155198	2655,223284	0,000000	0,000000	-38,160544	12794,129187	-67,551751	0,037481	67,703118	0,041829	0,075684	0,002174	0,000000
06.07.2020	13:46:58	Messung I (5 Zyklen)	18,036130	1998,000000	52,879510	0,054084	52,803826	0,051910	59,548998	0,060905	2,250000	2,067267	-3614,472424	2655,193667	0,000000	0,000000	-38,198012	12794,762659	-67,551751	0,037481	67,703118	0,041829	0,075684	0,002174	0,000000
06.07.2020	13:47:01	Messung I (5 Zyklen)	20,031383	499,700000	12,429620	0,050065	12,353936	0,047891	55,966869	0,225427	2,250000	2,295961	-3401,105902	2663,055430	0,000000	0,000000	-35,798643	12626,610987	-67,551751	0,037481	67,703118	0,041829	0,075684	0,002174	0,000000
06.07.2020	13:47:06	Messung I (5 Zyklen)	20,020913	998,000000	24,661624	0,046836	24,585940	0,044662	55,599855	0,105593	2,250000	2,294856	-3399,916708	2672,027846	0,000000	0,000000	-35,785330	12434,704064	-67,551751	0,037481	67,703118	0,041829	0,075684	0,002174	0,000000
06.07.2020	13:47:09	Messung I (5 Zyklen)	20,039529	1498,000000	36,859078	0,050789	36,783394	0,048615	55,362434	0,076286	2,250000	2,296871	-3394,972162	2671,950512	0,000000	0,000000	-35,729983	12436,358131	-67,551751	0,037481	67,703118	0,041829	0,075684	0,002174	0,000000
06.07.2020	13:47:12	Messung I (5 Zyklen)	20,039156	1998,000000	48,999853	0,044333	48,924169	0,042159	55,180015	0,049924	2,250000	2,296875	-3397,788675	2672,019619	0,000000	0,000000	-35,761508	12434,880029	-67,551751	0,037481	67,703118	0,041829	0,075684	0,002174	0,000000
06.07.2020	13:47:15	Messung I (5 Zyklen)	21,017222	499,700000	11,919155	0,041171	11,843471	0,038996	53,668397	0,185379	2,250000	2,408994	-3284,064129	2689,082519	0,000000	0,000000	-34,491497	12069,929450	-67,551751	0,037481	67,703118	0,041829	0,075684	0,002174	0,000000
06.07.2020	13:47:20	Messung I (5 Zyklen)	21,026859	998,000000	23,657492	0,049801	23,581808	0,047627	53,336029	0,112277	2,250000	2,410076	-3274,863519	2698,124048	0,000000	0,000000	-34,389009	11876,544285	-67,551751	0,037481	67,703118	0,041829	0,075684	0,002174	0,000000
06.07.2020	13:47:23	Messung I (5 Zyklen)	21,027261	1498,000000	35,351392	0,050262	35,275708	0,048088	53,097885	0,075494	2,250000	2,410079	-3277,617443	2698,099367	0,000000	0,000000	-34,419682	11877,072179	-67,551751	0,037481	67,703118	0,041829	0,075684	0,002174	0,000000
06.07.2020	13:47:26	Messung I (5 Zyklen)	21,021639	1998,000000	47,011470	0,049472	46,935786	0,047298	52,940845	0,055712	2,250000	2,409550	-3277,116729	2698,086204	0,000000	0,000000	-34,414105	11877,353723	-67,551751	0,037481	67,703118	0,041829	0,075684	0,002174	0,000000
06.07.2020	13:47:30	Messung I (5 Zyklen)	24,032225	499,700000	10,791889	0,043938	10,716205	0,041763	48,592656	0,197838	2,250000	2,754674	-2935,192007	2734,096033	0,000000	0,000000	-30,632099	11107,155911	-67,551751	0,037481	67,703118	0,041829	0,075684	0,002174	0,000000
06.07.2020	13:47:34	Messung I (5 Zyklen)	24,032942	998,000000	21,387670	0,044596	21,311986	0,042422	48,218695	0,100543	2,250000	2,754648	-2929,371213	2743,198454	0,000000	0,000000	-30,568166	10912,468363	-67,551751	0,037481	67,703118	0,041829	0,075684	0,002174	0,000000
06.07.2020	13:47:37	Messung I (5 Zyklen)	24,017424	1498,000000	31,952513	0,050921	31,876829	0,048747	47,992759	0,076484	2,250000	2,752876	-2933,126564	2743,147446	0,000000	0,000000	-30,609411	10913,559345	-67,551751	0,037481	67,703118	0,041829	0,075684	0,002174	0,000000
06.07.2020	13:47:41	Messung I (5 Zyklen)	24,011487	1998,000000	42,480427	0,045914	42,404743	0,043740	47,838319	0,051705	2,250000	2,752261	-2935,192007	2743,112893	0,000000	0,000000	-30,632099	10914,298398	-67,551751	0,037481	67,703118	0,041829	0,075684	0,002174	0,000000
06.07.2020	13:47:44	Messung I (5 Zyklen)	27,014968	499,700000	9,864382	0,052502	9,788698	0,050328	44,416368	0,236403	2,250000	3,096613	-2595,583067	2777,390146	0,000000	0,000000	-26,926529	10181,157857	-67,551751	0,037481	67,703118	0,041829	0,075684	0,002174	0,000000
06.07.2020	13:47:48	Messung I (5 Zyklen)	27,023056	998,000000	19,527382	0,040380	19,451698	0,038206	44,024658	0,091037	2,250000	3,097350	-2589,950040	2786,522196	0,000000	0,000000	-26,865481	9985,836596	-67,551751	0,037481	67,703118	0,041829	0,075684	0,002174	0,000000
06.07.2020	13:47:52	Messung I (5 Zyklen)	27,020934	1498,000000	29,160821	0,051646	29,085137	0,049472	43,799631	0,077572	2,250000	3,097133	-2593,580213	2786,530423	0,000000	0,000000	-26,904821	9985,660631	-67,551751	0,037481	67,703118	0,041829	0,075684	0,002174	0,000000
06.07.2020	13:47:55	Messung I (5 Zyklen)	27,020131	1998,000000	38,768262	0,046244	38,692578	0,044069	43,657952	0,052076	2,250000	3,097083	-2597,648511	2786,495869	0,000000	0,000000	-26,948916	9986,399684	-67,551751	0,037481	67,703118	0,041829	0,075684	0,002174	0,000000
06.07.2020	13:47:58	Messung I (5 Zyklen)	30,020753	499,700000	9,076811	0,053030	9,001128	0,050855	40,870174	0,238776	2,250000	3,441134	-2263,359636	2819,772751	0,000000	0,000000	-23,348631	9274,655617	-67,551751	0,037481	67,703118	0,041829	0,075684	0,002174	0,000000
06.07.2020	13:48:03	Messung I (5 Zyklen)	29,934330	998,000000	17,999147	0,051382	17,923463	0,049208	40,579239	0,115842	2,250000	3,431064	-2260,104997	2829,115426	0,000000	0,000000	-23,313805	9074,829406	-67,551751	0,037481	67,703118	0,041829	0,075684	0,002174	0,000000
06.07.2020	13:48:06	Messung I (5 Zyklen)	29,936883	1498,000000	26,877226	0,044004	26,801542	0,041829	40,369665	0,066093	2,250000	3,431390	-2265,925793	2829,019992	0,000000	0,000000	-23,376094	9076,870604	-67,551751	0,037481	67,703118	0,041829	0,075684	0,002174	0,000000
06.07.2020	13:48:09	Messung I (5 Zyklen)	29,958567	1998,000000	35,734045	0,042488	35,658362	0,040314	40,241042	0,047847	2,250000	3,434286	-2261,920084	2829,082518	0,000000	0,000000	-23,333227	9075,533268	-67,551751	0,037481	67,703118	0,041829	0,075684	0,002174	0,000000
06.07.2020	13:48:19	Messung I (5 Zyklen)	1,051258	499,700000	65,836145	0,051580	65,760461	0,049406	296,440517	0,232250	2,250000	0,120496	-5530,452182	2389,867528	0,000000	0,000000	-60,795687	18469,702532	-67,551751	0,037481	67,703118	0,041829	0,075684	0,002174	0,000000
06.07.2020	13:48:23	Messung I (5 Zyklen)	1,074204	998,000000	108,704082	0,046639	108,628399	0,044465	245,074334	0,105148	2,250000	0,123129	-5524,631390	2398,038571	0,000000	0,000000	-60,723876	18294,935815	-67,551751	0,037481	67,703118	0,041829	0,075684	0,002174	0,000000
06.07.2020	13:48:27	Messung I (5 Zyklen)	1,079625	1498,000000	164,842352	0,042752	164,766668	0,040578	247,593653	0,064213	2,250000	0,123691	-5526,884600	2398,050089	0,000000	0,000000	-60,751671	18294,689466	-67,551751	0,037481	67,703118	0,041829	0,075684	0,002174	0,000000
06.07.2020	13:48:30	Messung I (5 Zyklen)	1,082579	1998,000000	217,499961	0,047298	217,424277	0,045124	244,932389	0,053263	2,250000	0,124027	-5526,947189	2398,008954	0,000000	0,000000	-60,752443	18295,569283	-67,551751	0,037481	67,703118	0,041829	0,075684	0,002174	0,000000
06.07.2020	13:48:33	Messung I (5 Zyklen)	1,941428	499,700000	51,073162	0,040973	50,997478	0,038799	229,967211	0,184489	2,250000	0,222567	-5440,323785	2396,159527	0,000000	0,000000	-59,686116	18335,125828	-67,551751	0,037481	67,703118	0,041829	0,075684	0,002174	0,000000
06.07.2020	13:48:38	Messung I (5 Zyklen)	1,957950	998,000000	95,245488	0,040182	95,169804	0,038008	214,731812	0,090591	2,250000	0,224451	-5434,628171	2404,180840	0,000000	0,000000	-59,616166	18163,561616	-67,551751	0,037481	67,703118	0,041829	0,075684	0,002174	0,000000
06.07.2020	13:48:41	Messung I (5 Zyklen)	1,969136	1498,000000	143,358609	0,052041	143,282925	0,049867	215,325014	0,078166	2,250000	0,225710	-5435,379241	2404,194003	0,000000	0,000000	-59,625389	18163,280075	-67,551751	0,037481	67,703118	0,041829	0,075684	0,002174	0,000000
06.07.2020	13:48:44	Messung I (5 Zyklen)	1,978028	1998,000000	191,437855	0,041500	191,362171	0,039326	215,583170	0,046734	2,250000	0,226719	-5435,128884	2404,203876	0,000000	0,000000	-59,622315	18163,068919	-67,551751	0,037481	67,703118	0,041829	0,075684	0,002174	0,000000
06.07.2020	13:48:47	Messung I (5 Zyklen)	2,992510	499,700000	43,070550	0,051119	42,994866	0,048945	193,933835	0,230173	2,250000	0,343009	-5323,469812	2405,161497	0,000000	0,000000	-58,254940	18142,586789	-67,551751	0,037481	67,703118	0,041829	0,075684	0,002174	0,000000
06.07.2020	13:48:52	Messung I (5 Zyklen)	3,007511	998,000000	82,185481	0,048484	82,109797	0,046309	185,287909	0,109307	2,250000	0,344689	-5319,714462	2413,250274	0,000000	0,000000	-58,209084	17969,579638	-67,551751	0,037481	67,703118	0,041829	0,075684	0,002174	0,000000
06.07.2020	13:48:55	Messung I (5 Zyklen)	3,021795	1498,000000	123,396404	0,045255	123,320720	0,043081	185,341729	0,067974	2,250000	0,346333	-5318,963392	2413,283182	0,000000	0,000000	-58,199913	17968,875785	-67,551751	0,037481	67,703118	0,041829	0,075684	0,002174	0,000000
06.07.2020	13:48:58	Messung I (5 Zyklen)	3,027331	1998,000000	164,253235	0,054413	164,177551	0,052239	184,969859	0,061276	2,250000	0,346978	-5315,208042	2413,309508	0,000000	0,000000	-58,154067	17968,312702	-67,551751	0,037481	67,703118	0,041829	0,075684	0,002174	0,000000
06.07.2020	13:49:02	Messung I (5 Zyklen)	5,051191	499,700000	32,788841	0,047759	32,713157	0,045585	147,638369	0,215044	2,250000	0,579003	-5072,111716	2446,604153	0,000000	0,000000	-55,204149	17256,188709	-67,551751	0,037481	67,703118	0,041829	0,075684	0,002174	0,000000
06.07.2020	13:49:06	Messung I (5 Zyklen)	5,065303	998,000000	62,979456	0,048747	62,903772	0,046573	141,987750	0,109901	2,250000	0,580558	-5073,113142	2454,883804	0,000000	0,000000	-55,216230	17079,099021	-67,551751	0,037481	67,703118	0,041829	0,075684	0,002174	0,000000
06.07.2020	13:49:09	Messung I (5 Zyklen)	5,064041	1498,000000	94,395036	0,041171	94,319352	0,038996	141,781596	0,061838	2,250000	0,580436	-5075,303763	2454,798244	0,000000	0,000000	-55,242659	17080,929042	-67,551751	0,037481	67,703118	0,041829	0,075684	0,002174	0,000000
06.07.2020	13:49:13	Messung I (5 Zyklen)	5,064500	1998,000000	125,627471	0,050526	125,551787	0,048352	141,472377	0,056899	2,250000	0,580548	-5074,239747	2454,822925	0,000000	0,000000	-55,229821	17080,401152	-67,551751	0,037481	67,703118	0,041829	0,075684	0,002174	0,000000
06.07.2020	13:49:16	Messung I (5 Zyklen)	4,055467	499,700000	32,334704	0,046309	32,259020	0,044135	145,593526	0,208518	2,250000	0,464909	-5164,806274	2446,658451	0,000000	0,000000	-56,324857	17255,027350	-67,551751	0,037481	67,703118	0,041829	0,075684	0,002174	0,000000
06.07.2020	13:49:20	Messung I (5 Zyklen)	4,018064	998,000000	63,479256	0,042225	63,403572	0,040051	143,114554	0,095196	2,250000	0,460526	-5166,746538	2454,878868	0,000000	0,000000	-56,348369	17079,204600	-67,551751	0,037481	67,703118	0,041829	0,075684	0,002174	0,000000
06.07.2020	13:49:24	Messung I (5 Zyklen)	3,979945	1498,000000	95,325408	0,050987	95,249724	0,048813	143,179017	0,076583	2,250000	0,456183	-5173,005455	2454,781790	0,000000	0,000000	-56,424230	17081,280969	-67,551751	0,037481	67,703118	0,041829	0,075684	0,002174	0,000000
06.07.2020	13:49:27	Messung I (5 Zyklen)	3,962219	1998,000000	127,246582	0,047100	127,170898	0,044926	143,295700	0,053041	2,250000	0,454148	-5171,440725	2454,753818	0,000000	0,000000	-56,405263	17081,879245	-67,551751	0,037481	67,703118	0,041829	0,075684	0,002174	0,000000
06.07.2020	13:49:30	Messung I (5 Zyklen)	9,870831	499,700000	21,915529	0,051778	21,839845	0,049604	98,679090	0,233140	2,250000	1,131633	-4537,537608	2512,369182	0,000000	0,000000	-48,836444	15849,570466	-67,551751	0,037481	67,703118	0,041829	0,075684	0,002174	0,000000
06.07.2020	13:49:35	Messung I (5 Zyklen)	9,930291	998,000000	42,874545	0,046309	42,798861	0,044135	96,661048	0,104405	2,250000	1,138221	-4533,031188	2520,852878	0,000000	0,000000	-48,783436	15668,116573	-67,551751	0,037481	67,703118	0,041829	0,075684	0,002174	0,000000
06.07.2020	13:49:38	Messung I (5 Zyklen)	9,938896	1498,000000	64,133226	0,047429	64,057542	0,045255	96,328276	0,071239	2,250000	1,139227	-4530,777978	2520,750863	0,000000	0,000000	-48,756936	15670,298524	-67,551751	0,037481	67,703118	0,041829	0,075684	0,002174	0,000000
06.07.2020	13:49:41	Messung I (5 Zyklen)	9,948504	1998,000000	85,281297	0,045124	85,205613	0,042949	96,037496	0,050815	2,250000	1,140302	-4532,906009	2520,852878	0,000000	0,000000	-48,781963	15668,116573	-67,551751	0,037481	67,703118	0,041829	0,075684	0,002174	0,000000
06.07.2020	13:49:44	Messung I (5 Zyklen)	12,048553	499,700000	18,904584	0,041961	18,828900	0,039787	85,121703	0,188938	2,250000	1,380991	-4291,436976	2558,967005	0,000000	0,000000	-45,957470	14852,910876	-67,551751	0,037481	67,703118	0,041829	0,075684	0,002174	0,000000
06.07.2020	13:49:49	Messung I (5 Zyklen)	12,044480	998,000000	37,310910	0,042422	37,235226	0,040248	84,117783	0,095641	2,250000	1,380593	-4288,995998	2567,496782	0,000000	0,000000	-45,929074	14670,471360	-67,551751	0,037481	67,703118	0,041829	0,075684	0,002174	0,000000
06.07.2020	13:49:52	Messung I (5 Zyklen)	12,046689	1498,000000	55,849706	0,044399	55,774022	0,042225	83,886407	0,066687	2,250000	1,380794	-4288,495284	2567,531336	0,000000	0,000000	-45,923250	14669,732311	-67,551751	0,037481	67,703118	0,041829	0,075684	0,002174	0,000000
06.07.2020	13:49:55	Messung I (5 Zyklen)	12,055294	1998,000000	74,270448	0,044465	74,194764	0,042291	83,637892	0,050073	2,250000	1,381711	-4288,370106	2567,435902	0,000000	0,000000	-45,921794	14671,773494	-67,551751	0,037481	67,703118	0,041829	0,075684	0,002174	0,000000
06.07.2020	13:49:59	Messung I (5 Zyklen)	15,018589	499,700000	16,286636	0,048747	16,210953	0,046573	73,333864	0,219494	2,250000	1,721412	-3954,832383	2601,921956	0,000000	0,000000	-42,070692	13934,167011	-67,551751	0,037481	67,703118	0,041829	0,075684	0,002174	0,000000
06.07.2020	13:50:03	Messung I (5 Zyklen)	15,010586	998,000000	32,239634	0,045848	32,163950	0,043674	72,684546	0,103365	2,250000	1,720471	-3952,766940	2610,594893	0,000000	0,000000	-42,047020	13748,665507	-67,551751	0,037481	67,703118	0,041829	0,075684	0,002174	0,000000
06.07.2020	13:50:06	Messung I (5 Zyklen)	15,016753	1498,000000	48,194617	0,047561	48,118933	0,045387	72,388444	0,071437	2,250000	1,721234	-3951,077033	2610,575148	0,000000	0,000000	-42,027653	13749,087821	-67,551751	0,037481	67,703118	0,041829	0,075684	0,002174	0,000000
06.07.2020	13:50:10	Messung I (5 Zyklen)	15,030091	1998,000000	64,060094	0,044662	63,984410	0,042488	72,139745	0,050295	2,250000	1,722697	-3954,081313	2610,543885	0,000000	0,000000	-42,062084	13749,756485	-67,551751	0,037481	67,703118	0,041829	0,075684	0,002174	0,000000
06.07.2020	13:50:13	Messung I (5 Zyklen)	18,047345	499,700000	14,257227	0,048549	14,181543	0,046375	64,196040	0,218604	2,250000	2,068559	-3614,347246	2646,313397	0,000000	0,000000	-38,196598	12984,698692	-67,551751	0,037481	67,703118	0,041829	0,075684	0,002174	0,000000
06.07.2020	13:50:17	Messung I (5 Zyklen)	18,042010	998,000000	28,215060	0,051185	28,139376	0,049011	63,611107	0,115397	2,250000	2,067948	-3611,155198	2655,134432	0,000000	0,000000	-38,160544	12796,029604	-67,551751	0,037481	67,703118	0,041829	0,075684	0,002174	0,000000
06.07.2020	13:50:21	Messung I (5 Zyklen)	18,034065	1498,000000	42,146527	0,049142	42,070843	0,046968	63,304196	0,073812	2,250000	2,067027	-3614,847959	2655,109751	0,000000	0,000000	-38,202254	12796,557497	-67,551751	0,037481	67,703118	0,041829	0,075684	0,002174	0,000000
06.07.2020	13:50:24	Messung I (5 Zyklen)	18,035183	1998,000000	56,046634	0,051580	55,970950	0,049406	63,115579	0,058086	2,250000	2,067119	-3614,096889	2655,164049	0,000000	0,000000	-38,193770	12795,396132	-67,551751	0,037481	67,703118	0,041829	0,075684	0,002174	0,000000
06.07.2020	13:50:27	Messung I (5 Zyklen)	20,027855	499,700000	13,183261	0,046771	13,107577	0,044596	59,360289	0,210594	2,250000	2,295573	-3398,602335	2663,154154	0,000000	0,000000	-35,770617	12624,499413	-67,551751	0,037481	67,703118	0,041829	0,075684	0,002174	0,000000
06.07.2020	13:50:32	Messung I (5 Zyklen)	20,017012	998,000000	26,159753	0,047561	26,084069	0,045387	58,977398	0,107227	2,250000	2,294350	-3394,721805	2672,082145	0,000000	0,000000	-35,727181	12433,542698	-67,551751	0,037481	67,703118	0,041829	0,075684	0,002174	0,000000
06.07.2020	13:50:35	Messung I (5 Zyklen)	20,034251	1498,000000	39,079695	0,051053	39,004011	0,048879	58,697806	0,076682	2,250000	2,296326	-3396,161357	2672,156188	0,000000	0,000000	-35,743293	12431,959017	-67,551751	0,037481	67,703118	0,041829	0,075684	0,002174	0,000000
06.07.2020	13:50:38	Messung I (5 Zyklen)	20,041737	1998,000000	51,962995	0,046178	51,887311	0,044004	58,516886	0,052002	2,250000	2,297088	-3397,726086	2672,072272	0,000000	0,000000	-35,760808	12433,753856	-67,551751	0,037481	67,703118	0,041829	0,075684	0,002174	0,000000
06.07.2020	13:50:41	Messung I (5 Zyklen)	21,026544	499,700000	12,634583	0,040380	12,558899	0,038206	56,889758	0,181819	2,250000	2,410122	-3279,808064	2688,815962	0,000000	0,000000	-34,444083	12075,630704	-67,551751	0,037481	67,703118	0,041829	0,075684	0,002174	0,000000
06.07.2020	13:50:46	Messung I (5 Zyklen)	21,030272	998,000000	25,067204	0,047627	24,991520	0,045453	56,514238	0,107376	2,250000	2,410529	-3273,862092	2697,952926	0,000000	0,000000	-34,377857	11880,204351	-67,551751	0,037481	67,703118	0,041829	0,075684	0,002174	0,000000
06.07.2020	13:50:49	Messung I (5 Zyklen)	21,023704	1498,000000	37,460862	0,057246	37,385178	0,055072	56,266314	0,085984	2,250000	2,409688	-3277,367086	2697,913436	0,000000	0,000000	-34,416893	11881,048981	-67,551751	0,037481	67,703118	0,041829	0,075684	0,002174	0,000000
06.07.2020	13:50:52	Messung I (5 Zyklen)	21,018484	1998,000000	49,803113	0,043806	49,727429	0,041632	56,084587	0,049331	2,250000	2,409136	-3276,616016	2697,877237	0,000000	0,000000	-34,408528	11881,823226	-67,551751	0,037481	67,703118	0,041829	0,075684	0,002174	0,000000
06.07.2020	13:50:56	Messung I (5 Zyklen)	24,021956	499,700000	11,411127	0,060936	11,335443	0,058761	51,380902	0,274374	2,250000	2,753332	-2936,318612	2733,880484	0,000000	0,000000	-30,644474	11111,766190	-67,551751	0,037481	67,703118	0,041829	0,075684	0,002174	0,000000
06.07.2020	13:51:00	Messung I (5 Zyklen)	23,984983	998,000000	22,638009	0,048352	22,562325	0,046178	51,037595	0,109010	2,250000	2,749252	-2934,440937	2742,923670	0,000000	0,000000	-30,623848	10918,345591	-67,551751	0,037481	67,703118	0,041829	0,075684	0,002174	0,000000
06.07.2020	13:51:03	Messung I (5 Zyklen)	24,029213	1498,000000	33,790077	0,051844	33,714393	0,049669	50,752786	0,077869	2,250000	2,754204	-2930,247461	2742,976323	0,000000	0,000000	-30,577789	10917,219415	-67,551751	0,037481	67,703118	0,041829	0,075684	0,002174	0,000000
06.07.2020	13:51:07	Messung I (5 Zyklen)	24,029930	1998,000000	44,902851	0,051844	44,827167	0,049669	50,566273	0,058382	2,250000	2,754299	-2931,999958	2742,879244	0,000000	0,000000	-30,597037	10919,295801	-67,551751	0,037481	67,703118	0,041829	0,075684	0,002174	0,000000
06.07.2020	13:51:10	Messung I (5 Zyklen)	27,002806	499,700000	10,347966	0,045321	10,272282	0,043147	46,593805	0,204068	2,250000	3,095009	-2597,898868	2776,977147	0,000000	0,000000	-26,951630	10189,991304	-67,551751	0,037481	67,703118	0,041829	0,075684	0,002174	0,000000
06.07.2020	13:51:14	Messung I (5 Zyklen)	27,025925	998,000000	20,501009	0,050592	20,425325	0,048418	46,219709	0,114060	2,250000	3,097646	-2588,447900	2786,216149	0,000000	0,000000	-26,849203	9992,382498	-67,551751	0,037481	67,703118	0,041829	0,075684	0,002174	0,000000
06.07.2020	13:51:18	Messung I (5 Zyklen)	27,015083	1498,000000	30,624691	0,040709	30,549007	0,038535	45,998368	0,061146	2,250000	3,096426	-2594,206105	2786,155268	0,000000	0,000000	-26,911605	9993,684640	-67,551751	0,037481	67,703118	0,041829	0,075684	0,002174	0,000000
06.07.2020	13:51:21	Messung I (5 Zyklen)	27,019987	1998,000000	40,713946	0,045980	40,638262	0,043806	45,849038	0,051779	2,250000	3,097077	-2593,767981	2786,201340	0,000000	0,000000	-26,906856	9992,699236	-67,551751	0,037481	67,703118	0,041829	0,075684	0,002174	0,000000
06.07.2020	13:51:24	Messung I (5 Zyklen)	29,907339	499,700000	9,522118	0,044004	9,446434	0,041829	42,875254	0,198135	2,250000	3,428099	-2276,002653	2819,496321	0,000000	0,000000	-23,483960	9280,568051	-67,551751	0,037481	67,703118	0,041829	0,075684	0,002174	0,000000
06.07.2020	13:51:29	Messung I (5 Zyklen)	30,013295	998,000000	18,880932	0,046705	18,805248	0,044531	42,567232	0,105296	2,250000	3,440112	-2258,289911	2828,860386	0,000000	0,000000	-23,294384	9080,284332	-67,551751	0,037481	67,703118	0,041829	0,075684	0,002174	0,000000
06.07.2020	13:51:32	Messung I (5 Zyklen)	29,999814	1498,000000	28,197337	0,048615	28,121653	0,046441	42,352476	0,073020	2,250000	3,438626	-2260,230176	2828,885068	0,000000	0,000000	-23,315144	9079,756436	-67,551751	0,037481	67,703118	0,041829	0,075684	0,002174	0,000000
06.07.2020	13:51:35	Messung I (5 Zyklen)	30,010197	1998,000000	37,478782	0,049011	37,403098	0,046836	42,205836	0,055192	2,250000	3,439836	-2260,042408	2828,865323	0,000000	0,000000	-23,313135	9080,178753	-67,551751	0,037481	67,703118	0,041829	0,075684	0,002174	0,000000