Datum	Uhrzeit	Kommentar	p_Probe_Ist / bar	I_Ist / mA	U_ges-Th_U	U_Nadel-Th_U	U_ges / mV	U_Nadel / mV	R_ges / mOhm*cm²	R_bulk / mOhm*cm²	Anpressfläche / cm²	p_Kraftsensor / ?	
17.12.2020	14:22:05	Messung 1	3,060253	499,800000	2,128025	2,126839	2,128025	2,126839	17,669678	17,659831	4,150000	0,646972	-5037,812851
17.12.2020	14:22:10	Messung 1	3,061497	999,000000	4,255201	4,254542	4,255201	4,254542	17,676762	17,674025	4,150000	0,647244	-5033,869734
17.12.2020	14:22:13	Messung 1	3,062508	1498,000000	6,364392	6,356552	6,364392	6,356552	17,631659	17,609939	4,150000	0,647465	-5036,748835
17.12.2020	14:22:16	Messung 1	3,062757	1998,000000	8,461460	8,472133	8,461460	8,472133	17,575105	17,597274	4,150000	0,647511	-5032,993485
17.12.2020	14:22:20	Messung 1	6,059349	499,800000	1,592262	1,582709	1,592262	1,582709	13,221062	13,141740	4,150000	1,280991	-4408,854267
17.12.2020	14:22:24	Messung 1	6,053533	998,000000	3,163185	3,153104	3,163185	3,153104	13,153523	13,111606	4,150000	1,279735	-4408,103197
17.12.2020	14:22:27	Messung 1	6,057685	1499,000000	4,724291	4,723961	4,724291	4,723961	13,079258	13,078346	4,150000	1,280659	-4407,665073
17.12.2020	14:22:31	Messung 1	6,054948	1998,000000	6,288296	6,290405	6,288296	6,290405	13,061276	13,065655	4,150000	1,280083	-4410,418997
17.12.2020	14:22:34	Messung 1	9,049234	499,800000	1,310347	1,308041	1,310347	1,308041	10,880233	10,861086	4,150000	1,913095	-3781,210001
17.12.2020	14:22:38	Messung 1	9,032905	999,000000	2,607458	2,611148	2,607458	2,611148	10,831784	10,847111	4,150000	1,909742	-3781,835893
17.12.2020	14:22:42	Messung 1	9,048720	1499,000000	3,904570	3,913794	3,904570	3,913794	10,809850	10,835386	4,150000	1,912990	-3778,831612
17.12.2020	14:22:45	Messung 1	9,052391	1998,000000	5,199046	5,199771	5,199046	5,199771	10,798820	10,800326	4,150000	1,913782	-3782,649552
17.12.2020	14:22:48	Messung 1	12,040670	499,800000	1,133648	1,133780	1,133648	1,133780	9,413043	9,414138	4,150000	2,545525	-3154,754873
17.12.2020	14:22:53	Messung 1	12,027358	998,000000	2,272442	2,259990	2,272442	2,259990	9,449532	9,397752	4,150000	2,542727	-3150,436219
17.12.2020	14:22:56	Messung 1	12,043780	1499,000000	3,393315	3,392722	3,393315	3,392722	9,394435	9,392793	4,150000	2,546202	-3154,003803
17.12.2020	14:22:59	Messung 1	12,046222	1998,000000	4,528156	4,529408	4,528156	4,529408	9,405329	9,407929	4,150000	2,546715	-3152,251305
17.12.2020	14:23:02	Messung 1	14,974162	499,800000	1,026785	1,013411	1,026785	1,013411	8,525727	8,414676	4,150000	3,165872	-2535,998158
17.12.2020	14:23:07	Messung 1	15,026072	999,000000	2,038885	2,049229	2,038885	2,049229	8,469843	8,512812	4,150000	3,176639	-2520,663806
17.12.2020	14:23:10	Messung 1	15,038590	1499,000000	3,049799	3,064689	3,049799	3,064689	8,443407	8,484629	4,150000	3,179351	-2522,729249
17.12.2020	14:23:13	Messung 1	15,041405	1998,000000	4,059396	4,063942	4,059396	4,063942	8,431678	8,441120	4,150000	3,179867	-2518,410595
17.12.2020	14:23:17	Messung 1	18,035253	499,800000	0,931716	0,930596	0,931716	0,930596	7,736334	7,727034	4,150000	3,812928	-1885,759019
17.12.2020	14:23:21	Messung 1	17,998894	998,000000	1,861791	1,856322	1,861791	1,856322	7,741915	7,719176	4,150000	3,805156	-1885,821608
17.12.2020	14:23:24	Messung 1	18,021055	1499,000000	2,790812	2,791866	2,790812	2,791866	7,726397	7,729315	4,150000	3,809937	-1883,693576
17.12.2020	14:23:28	Messung 1	18,028488	1998,000000	3,712191	3,715221	3,712191	3,715221	7,710506	7,716801	4,150000	3,811456	-1882,254024
17.12.2020	14:23:31	Messung 1	21,013928	499,800000	0,861286	0,864185	0,861286	0,864185	7,151537	7,175607	4,150000	4,442453	-1264,498616
17.12.2020	14:23:35	Messung 1	21,022419	998,000000	1,717374	1,715661	1,717374	1,715661	7,141386	7,134263	4,150000	4,444422	-1252,794435
17.12.2020	14:23:39	Messung 1	21,022870	1499,000000	2,581764	2,575900	2,581764	2,575900	7,147645	7,131412	4,150000	4,444455	-1250,228278
17.12.2020	14:23:42	Messung 1	21,022077	1998,000000	3,435480	3,429683	3,435480	3,429683	7,135758	7,123715	4,150000	4,444231	-1253,357738
17.12.2020	14:23:45	Messung 1	24,023836	499,800000	0,805812	0,811347	0,805812	0,811347	6,690920	6,736872	4,150000	5,079087	-630,469954
17.12.2020	14:23:50	Messung 1	24,023805	998,000000	1,613476	1,613674	1,613476	1,613674	6,709346	6,710167	4,150000	5,078755	-620,956394
17.12.2020	14:23:53	Messung 1	24,014319	1499,000000	2,414486	2,419823	2,414486	2,419823	6,684535	6,699309	4,150000	5,076782	-626,964959
17.12.2020	14:23:56	Messung 1	24,007445	1998,000000	3,207722	3,223072	3,207722	3,223072	6,662685	6,694570	4,150000	5,075434	-627,778618
17.12.2020	14:23:59	Messung 1	27,026181	499,800000	0,763581	0,756861	0,763581	0,756861	6,340261	6,284462	4,150000	5,713349	-1,385775
17.12.2020	14:24:04	Messung 1	26,982014	998,000000	1,524402	1,518473	1,524402	1,518473	6,338947	6,314290	4,150000	5,704353	3,746540
17.12.2020	14:24:07	Messung 1	27,017799	1499,000000	2,283510	2,268159	2,283510	2,268159	6,321926	6,279427	4,150000	5,711909	6,250109
17.12.2020	14:24:10	Messung 1	27,015435	1998,000000	3,023973	3,030232	3,023973	3,030232	6,281025	6,294025	4,150000	5,711369	3,934308
17.12.2020	14:24:14	Messung 1	29,876037	499,800000	0,723722	0,722272	0,723722	0,722272	6,009295	5,997260	4,150000	6,316688	609,297237
17.12.2020	14:24:18	Messung 1	29,940732	998,000000	1,440862	1,446330	1,440862	1,446330	5,991560	6,014299	4,150000	6,329711	629,200610
17.12.2020	14:24:21	Messung 1	29,933081	1499,000000	2,164327	2,158859	2,164327	2,158859	5,991966	5,976827	4,150000	6,328353	624,944543
17.12.2020	14:24:25	Messung 1	29,942023	1998,000000	2,875801	2,862954	2,875801	2,862954	5,973261	5,946576	4,150000	6,330188	625,695614
17.12.2020	14:24:34	Messung 1	3,062570	499,800000	2,115903	2,119856	2,115903	2,119856	17,569020	17,601843	4,150000	0,646521	-5044,384714
17.12.2020	14:24:39	Messung 1	3,066007	998,000000	4,211784	4,212179	4,211784	4,212179	17,513932	17,515576	4,150000	0,648188	-5043,007752
17.12.2020	14:24:42	Messung 1	3,062181	1499,000000	6,300024	6,317944	6,300024	6,317944	17,441693	17,491306	4,150000	0,647376	-5040,504186
17.12.2020	14:24:45	Messung 1	3,063363	1998,000000	8,389120	8,385958	8,389120	8,385958	17,424850	17,418281	4,150000	0,647616	-5039,252402
17.12.2020	14:24:49	Messung 1	6,049723	499,800000	1,574210	1,574408	1,574210	1,574408	13,071171	13,072812	4,150000	1,278985	-4414,049169
17.12.2020	14:24:53	Messung 1	6,059754	998,000000	3,140389	3,153104	3,140389	3,153104	13,058731	13,111606	4,150000	1,281053	-4411,670780
17.12.2020	14:24:56	Messung 1	6,053533	1499,000000	4,708281	4,696883	4,708281	4,696883	13,034935	13,003380	4,150000	1,279774	-4410,919710
17.12.2020	14:25:00	Messung 1	6,052896	1998,000000	6,265369	6,258715	6,265369	6,258715	13,013654	12,999833	4,150000	1,279689	-4409,480159
17.12.2020	14:25:03	Messung 1	9,050338	499,800000	1,303232	1,305274	1,303232	1,305274	10,821152	10,838110	4,150000	1,913316	-3785,340887
17.12.2020	14:25:07	Messung 1	9,042267	998,000000	2,596917	2,603110	2,596917	2,603110	10,798804	10,824556	4,150000	1,911642	-3785,340887
17.12.2020	14:25:11	Messung 1	9,045159	1499,000000	3,894556	3,893699	3,894556	3,893699	10,782126	10,779754	4,150000	1,912185	-3783,087676
17.12.2020	14:25:14	Messung 1	9,051815	1998,000000	5,180336	5,173681	5,180336	5,173681	10,759956	10,746135	4,150000	1,913684	-3785,278298
17.12.2020	14:25:17	Messung 1	12,042614	499,800000	1,132264	1,137272	1,132264	1,137272	9,401555	9,443131	4,150000	2,545870	-3154,254159
17.12.2020	14:25:22	Messung 1	12,031821	998,000000	2,263020	2,265458	2,263020	2,265458	9,410355	9,420491	4,150000	2,543644	-3149,747738
17.12.2020	14:25:25	Messung 1	12,036875	1499,000000	3,379150	3,390219	3,379150	3,390219	9,355219	9,385862	4,150000	2,544785	-3150,686576
17.12.2020	14:25:28	Messung 1	12,047746	1998,000000	4,512344	4,502000	4,512344	4,502000	9,372486	9,351002	4,150000	2,547073	-3151,500235
17.12.2020	14:25:31	Messung 1	14,996027	499,800000	1,025204	1,015519	1,025204	1,015519	8,512598	8,432182	4,150000	3,170544	-2530,114774
17.12.2020	14:25:36	Messung 1	15,043396	999,000000	2,032363	2,031967	2,032363	2,031967	8,442748	8,441106	4,150000	3,180278	-2518,598363
17.12.2020	14:25:39	Messung 1	15,039741	1499,000000	3,039192	3,042223	3,039192	3,042223	8,414041	8,422431	4,150000	3,179627	-2519,412022
17.12.2020	14:25:42	Messung 1	15,043707	1998,000000	4,050633	4,048986	4,050633	4,048986	8,413478	8,410057	4,150000	3,180331	-2520,976752
17.12.2020	14:25:46	Messung 1	18,017183	499,800000	0,928026	0,932440	0,928026	0,932440	7,705699	7,742351	4,150000	3,809072	-1890,077674
17.12.2020	14:25:50	Messung 1	18,019500	999,000000	1,856784	1,866271	1,856784	1,866271	7,713365	7,752776	4,150000	3,809532	-1879,813045
17.12.2020	14:25:53	Messung 1	18,027042	1499,000000	2,778557	2,772299	2,778557	2,772299	7,692471	7,675143	4,150000	3,811202	-1882,629559
17.12.2020	14:25:57	Messung 1	18,032594	1998,000000	3,704350	3,704153	3,704350	3,704153	7,694221	7,693811	4,150000	3,812195	-1880,564116
17.12.2020	14:26:00	Messung 1	21,023150	499,800000	0,868731	0,870905	0,868731	0,870905	7,213353	7,231406	4,150000	4,444304	-1260,868443
17.12.2020	14:26:04	Messung 1	21,023492	998,000000	1,721854	1,732923	1,721854	1,732923	7,160016	7,206042	4,150000	4,444583	-1254,296576
17.12.2020	14:26:08	Messung 1	21,019946	1499,000000	2,579524	2,572145	2,579524	2,572145	7,141444	7,121015	4,150000	4,443873	-1254,985058
17.12.2020	14:26:11	Messung 1	21,018500	1998,000000	3,425861	3,427113	3,425861	3,427113	7,115778	7,118378	4,150000	4,443541	-1257,676393
17.12.2020	14:26:14	Messung 1	24,025065	499,800000	0,813389	0,811281	0,813389	0,811281	6,753831	6,736325	4,150000	5,079228	-632,472809
17.12.2020	14:26:19	Messung 1	24,023945	998,000000	1,605307	1,614201	1,605307	1,614201	6,675374	6,712359	4,150000	5,078985	-622,270768
17.12.2020	14:26:22	Messung 1	24,017025	1499,000000	2,412905	2,400782	2,412905	2,400782	6,680157	6,646596	4,150000	5,077423	-625,713174
17.12.2020	14:26:25	Messung 1	24,009435	1998,000000	3,209962	3,211609	3,209962	3,211609	6,667338	6,670759	4,150000	5,075799	-627,027548
17.12.2020	14:26:28	Messung 1	26,987317	499,800000	0,764174	0,765097	0,764174	0,765097	6,345184	6,352843	4,150000	5,705659	-10,836747
17.12.2020	14:26:33	Messung 1	27,007845	998,000000	1,519593	1,517880	1,519593	1,517880	6,318947	6,311824	4,150000	5,709676	7,376715
17.12.2020	14:26:36	Messung 1	26,998017	1499,000000	2,278042	2,273627	2,278042	2,273627	6,306786	6,294566	4,150000	5,707589	4,935735
17.12.2020	14:26:39	Messung 1	26,988608	1998,000000	3,023446	3,019691	3,023446	3,019691	6,279930	6,272130	4,150000	5,705668	1,368150
17.12.2020	14:26:43	Messung 1	29,880609	499,800000	0,720955	0,729256	0,720955	0,729256	5,986319	6,055247	4,150000	6,317507	609,923130
17.12.2020	14:26:47	Messung 1	29,949488	999,000000	1,445474	1,445210	1,445474	1,445210	6,004721	6,003626	4,150000	6,331526	631,453822
17.12.2020	14:26:50	Messung 1	29,938042	1499,000000	2,153456	2,157607	2,153456	2,157607	5,961870	5,973361	4,150000	6,329202	626,697041
17.12.2020	14:26:54	Messung 1	29,930297	1998,000000	2,866578	2,861900	2,866578	2,861900	5,954103	5,944387	4,150000	6,327633	621,940260
17.12.2020	14:27:03	Messung 1	3,062259	499,800000	2,124072	2,123611	2,124072	2,123611	17,636855	17,633025	4,150000	0,647396	-5052,458717
17.12.2020	14:27:08	Messung 1	3,062555	999,000000	4,232076	4,241168	4,232076	4,241168	17,580697	17,618466	4,150000	0,647484	-5045,824265
17.12.2020	14:27:11	Messung 1	3,059507	1499,000000	6,344429	6,326509	6,344429	6,326509	17,564630	17,515018	4,150000	0,646807	-5049,829972
17.12.2020	14:27:14	Messung 1	3,059382	1998,000000	8,436227	8,423314	8,436227	8,423314	17,522694	17,495872	4,150000	0,646778	-5045,949443
17.12.2020	14:27:18	Messung 1	6,060205	499,800000	1,571772	1,578295	1,571772	1,578295	13,050930	13,105088	4,150000	1,281214	-4410,982299
17.12.2020	14:27:22	Messung 1	6,060329	998,000000	3,142168	3,133603	3,142168	3,133603	13,066128	13,030513	4,150000	1,281250	-4410,857121
17.12.2020	14:27:25	Messung 1	6,053735	1499,000000	4,697081	4,698333	4,697081	4,698333	13,003927	13,007392	4,150000	1,279830	-4414,236936
17.12.2020	14:27:29	Messung 1	6,049879	1998,000000	6,256277	6,256277	6,256277	6,256277	12,994770	12,994770	4,150000	1,278975	-4417,303806
17.12.2020	14:27:32	Messung 1	9,051737	499,800000	1,298290	1,311862	1,298290	1,311862	10,780123	10,892815	4,150000	1,913635	-3788,845881
17.12.2020	14:27:36	Messung 1	9,042842	998,000000	2,598894	2,598103	2,598894	2,598103	10,807022	10,803735	4,150000	1,911741	-3786,091957
17.12.2020	14:27:40	Messung 1	9,040572	1499,000000	3,893765	3,887243	3,893765	3,887243	10,779937	10,761879	4,150000	1,911307	-3785,215708
17.12.2020	14:27:43	Messung 1	9,047570	1998,000000	5,181587	5,172034	5,181587	5,172034	10,762556	10,742714	4,150000	1,912721	-3784,276871
17.12.2020	14:27:46	Messung 1	12,043220	499,800000	1,136810	1,132989	1,136810	1,132989	9,439302	9,407573	4,150000	2,546008	-3153,440500
17.12.2020	14:27:51	Messung 1	12,032117	998,000000	2,265194	2,261703	2,265194	2,261703	9,419396	9,404876	4,150000	2,543710	-3153,628268
17.12.2020	14:27:54	Messung 1	12,035134	1499,000000	3,383169	3,382049	3,383169	3,382049	9,366345	9,363245	4,150000	2,544358	-3153,440500
17.12.2020	14:27:57	Messung 1	12,046486	1998,000000	4,502066	4,510433	4,502066	4,510433	9,351139	9,368518	4,150000	2,546800	-3156,444781
17.12.2020	14:28:00	Messung 1	14,980600	499,800000	1,017693	1,020065	1,017693	1,020065	8,450235	8,469928	4,150000	3,167236	-2533,369412
17.12.2020	14:28:05	Messung 1	15,025216	998,000000	2,026631	2,026499	2,026631	2,026499	8,427373	8,426825	4,150000	3,176471	-2521,289698
17.12.2020	14:28:08	Messung 1	15,039803	1499,000000	3,035437	3,043013	3,035437	3,043013	8,403644	8,424620	4,150000	3,179585	-2522,666660
17.12.2020	14:28:11	Messung 1	15,043473	1998,000000	4,042662	4,045297	4,042662	4,045297	8,396920	8,402393	4,150000	3,180301	-2519,662379
17.12.2020	14:28:15	Messung 1	18,041847	499,800000	0,933363	0,923810	0,933363	0,923810	7,750010	7,670688	4,150000	3,814322	-1886,134554
17.12.2020	14:28:19	Messung 1	18,036202	998,000000	1,855005	1,846440	1,855005	1,846440	7,713697	7,678082	4,150000	3,813020	-1880,877062
17.12.2020	14:28:22	Messung 1	18,036668	1499,000000	2,782049	2,785673	2,782049	2,785673	7,702138	7,712170	4,150000	3,813198	-1881,315186
17.12.2020	14:28:26	Messung 1	18,034211	1998,000000	3,701320	3,708435	3,701320	3,708435	7,687927	7,702706	4,150000	3,812659	-1885,571251
17.12.2020	14:28:29	Messung 1	21,030863	499,800000	0,871959	0,859705	0,871959	0,859705	7,240159	7,138407	4,150000	4,446069	-1256,674966
17.12.2020	14:28:33	Messung 1	21,023756	998,000000	1,720339	1,719944	1,720339	1,719944	7,153715	7,152071	4,150000	4,444639	-1254,233987
17.12.2020	14:28:37	Messung 1	21,019168	1499,000000	2,573594	2,569773	2,573594	2,569773	7,125028	7,114449	4,150000	4,443738	-1250,478635
17.12.2020	14:28:40	Messung 1	21,018266	1998,000000	3,432516	3,415979	3,432516	3,415979	7,129600	7,095252	4,150000	4,443515	-1255,360593
17.12.2020	14:28:43	Messung 1	24,034162	499,800000	0,808250	0,820109	0,808250	0,820109	6,711161	6,809630	4,150000	5,080961	-632,159863
17.12.2020	14:28:48	Messung 1	23,997834	999,000000	1,615914	1,615980	1,615914	1,615980	6,712756	6,713030	4,150000	5,073389	-627,653440
17.12.2020	14:28:51	Messung 1	24,013665	1499,000000	2,408557	2,418241	2,408557	2,418241	6,668119	6,694931	4,150000	5,076788	-628,216743
17.12.2020	14:28:54	Messung 1	24,004163	1998,000000	3,206602	3,216484	3,206602	3,216484	6,660359	6,680886	4,150000	5,074842	-627,027548
17.12.2020	14:28:57	Messung 1	26,972201	499,800000	0,755346	0,759826	0,755346	0,759826	6,271879	6,309079	4,150000	5,702180	-9,272017
17.12.2020	14:29:02	Messung 1	27,019991	998,000000	1,518143	1,526379	1,518143	1,526379	6,312920	6,347165	4,150000	5,712399	9,379570
17.12.2020	14:29:05	Messung 1	27,005699	1499,000000	2,273759	2,265524	2,273759	2,265524	6,294931	6,272131	4,150000	5,709091	5,999752
17.12.2020	14:29:08	Messung 1	26,995606	1998,000000	3,021931	3,024039	3,021931	3,024039	6,276783	6,281162	4,150000	5,707197	-1,636132
17.12.2020	14:29:12	Messung 1	29,875928	499,800000	0,724381	0,726094	0,724381	0,726094	6,014766	6,028989	4,150000	6,315754	609,985719
17.12.2020	14:29:16	Messung 1	29,945040	998,000000	1,442246	1,433351	1,442246	1,433351	5,997314	5,960329	4,150000	6,330711	629,889092
17.12.2020	14:29:19	Messung 1	29,937466	1499,000000	2,153917	2,157080	2,153917	2,157080	5,963147	5,971902	4,150000	6,329172	624,881954
17.12.2020	14:29:23	Messung 1	29,942847	1998,000000	2,865853	2,871914	2,865853	2,871914	5,952597	5,965187	4,150000	6,330172	620,625887
17.12.2020	14:29:32	Messung 1	3,066256	499,800000	2,115244	2,102726	2,115244	2,102726	17,563550	17,459610	4,150000	0,648250	-5040,379007
17.12.2020	14:29:37	Messung 1	3,068682	998,000000	4,213827	4,212641	4,213827	4,212641	17,522425	17,517494	4,150000	0,648757	-5035,371874
17.12.2020	14:29:40	Messung 1	3,066163	1499,000000	6,295939	6,295939	6,295939	6,295939	17,430385	17,430385	4,150000	0,648221	-5033,681966
17.12.2020	14:29:43	Messung 1	3,066038	1998,000000	8,389252	8,382993	8,389252	8,382993	17,425123	17,412123	4,150000	0,648185	-5033,056074
17.12.2020	14:29:47	Messung 1	6,025681	499,800000	1,582050	1,577175	1,582050	1,577175	13,136270	13,095788	4,150000	1,273853	-4418,242643
17.12.2020	14:29:51	Messung 1	6,034701	998,000000	3,143090	3,132681	3,143090	3,132681	13,069964	13,026678	4,150000	1,275796	-4414,111758
17.12.2020	14:29:54	Messung 1	6,038573	1499,000000	4,700573	4,706436	4,700573	4,706436	13,013594	13,029827	4,150000	1,276658	-4416,177201
17.12.2020	14:29:58	Messung 1	6,042788	1998,000000	6,262207	6,250413	6,262207	6,250413	13,007086	12,982591	4,150000	1,277522	-4412,609618
17.12.2020	14:30:01	Messung 1	9,053915	499,800000	1,300926	1,285707	1,300926	1,285707	10,802005	10,675636	4,150000	1,914118	-3785,653833
17.12.2020	14:30:05	Messung 1	9,053635	998,000000	2,593952	2,591119	2,593952	2,591119	10,786475	10,774695	4,150000	1,914049	-3785,841600
17.12.2020	14:30:09	Messung 1	9,042904	1499,000000	3,885859	3,880786	3,885859	3,880786	10,758049	10,744004	4,150000	1,911770	-3781,210001
17.12.2020	14:30:12	Messung 1	9,038581	1998,000000	5,161756	5,165578	5,161756	5,165578	10,721366	10,729303	4,150000	1,910853	-3787,781865
17.12.2020	14:30:15	Messung 1	12,027623	499,800000	1,134966	1,118627	1,134966	1,118627	9,423984	9,288316	4,150000	2,542799	-3158,697992
17.12.2020	14:30:20	Messung 1	12,028307	999,000000	2,254785	2,267039	2,254785	2,267039	9,366724	9,417630	4,150000	2,542927	-3153,377911
17.12.2020	14:30:23	Messung 1	12,043578	1499,000000	3,377437	3,387781	3,377437	3,387781	9,350477	9,379113	4,150000	2,546182	-3153,064965
17.12.2020	14:30:26	Messung 1	12,049036	1998,000000	4,504504	4,507403	4,504504	4,507403	9,356202	9,362223	4,150000	2,547274	-3151,375057
17.12.2020	14:30:29	Messung 1	14,991190	499,800000	1,023557	1,007547	1,023557	1,007547	8,498922	8,365989	4,150000	3,169465	-2531,429147
17.12.2020	14:30:34	Messung 1	15,041219	999,000000	2,026104	2,032758	2,026104	2,032758	8,416747	8,444390	4,150000	3,179940	-2520,100503
17.12.2020	14:30:37	Messung 1	15,034158	1499,000000	3,032340	3,032801	3,032340	3,032801	8,395071	8,396348	4,150000	3,178352	-2521,915590
17.12.2020	14:30:40	Messung 1	15,040301	1998,000000	4,046285	4,032911	4,046285	4,032911	8,404446	8,376667	4,150000	3,179637	-2519,912736
17.12.2020	14:30:44	Messung 1	18,027524	499,800000	0,925259	0,928026	0,925259	0,928026	7,682723	7,705699	4,150000	3,811281	-1888,325176
17.12.2020	14:30:48	Messung 1	18,012626	998,000000	1,854741	1,863174	1,854741	1,863174	7,712601	7,747668	4,150000	3,808128	-1882,817327
17.12.2020	14:30:51	Messung 1	18,026358	1499,000000	2,777833	2,767094	2,777833	2,767094	7,690464	7,660733	4,150000	3,810939	-1881,315186
17.12.2020	14:30:55	Messung 1	18,031941	1998,000000	3,700727	3,701649	3,700727	3,701649	7,686695	7,688611	4,150000	3,812156	-1883,443219
17.12.2020	14:30:58	Messung 1	21,033460	499,800000	0,867413	0,865766	0,867413	0,865766	7,202412	7,188736	4,150000	4,446796	-1260,117372
17.12.2020	14:31:02	Messung 1	21,009013	999,000000	1,722843	1,729958	1,722843	1,729958	7,156954	7,186513	4,150000	4,441575	-1255,798717
17.12.2020	14:31:06	Messung 1	21,016696	1499,000000	2,569444	2,570234	2,569444	2,570234	7,113537	7,115725	4,150000	4,443104	-1252,731846
17.12.2020	14:31:09	Messung 1	21,017256	1998,000000	3,430934	3,424939	3,430934	3,424939	7,126315	7,113863	4,150000	4,443176	-1257,676393
17.12.2020	14:31:12	Messung 1	24,025967	499,800000	0,803045	0,815563	0,803045	0,815563	6,667944	6,771884	4,150000	5,079304	-632,159863
17.12.2020	14:31:17	Messung 1	24,013619	999,000000	1,603989	1,610314	1,603989	1,610314	6,663218	6,689492	4,150000	5,076614	-627,152726
17.12.2020	14:31:20	Messung 1	24,007180	1499,000000	2,408688	2,406712	2,408688	2,406712	6,668483	6,663011	4,150000	5,075381	-626,401656
17.12.2020	14:31:23	Messung 1	23,999249	1998,000000	3,205811	3,208249	3,205811	3,208249	6,658717	6,663780	4,150000	5,073823	-628,341921
17.12.2020	14:31:26	Messung 1	27,030224	499,800000	0,762264	0,765755	0,762264	0,765755	6,329320	6,358313	4,150000	5,714345	-3,889344
17.12.2020	14:31:31	Messung 1	26,977442	999,000000	1,517682	1,517089	1,517682	1,517089	6,304685	6,302222	4,150000	5,703485	2,619934
17.12.2020	14:31:34	Messung 1	27,009074	1499,000000	2,273627	2,260648	2,273627	2,260648	6,294566	6,258633	4,150000	5,710110	6,563055
17.12.2020	14:31:37	Messung 1	27,008919	1998,000000	3,021404	3,018900	3,021404	3,018900	6,275688	6,270488	4,150000	5,710048	6,625644
17.12.2020	14:31:41	Messung 1	29,880080	499,800000	0,722668	0,718517	0,722668	0,718517	6,000542	5,966078	4,150000	6,317425	612,301520
17.12.2020	14:31:45	Messung 1	29,956362	998,000000	1,441323	1,432297	1,441323	1,432297	5,993478	5,955945	4,150000	6,333035	629,388378
17.12.2020	14:31:48	Messung 1	29,944465	1499,000000	2,152797	2,143969	2,152797	2,143969	5,960046	5,935605	4,150000	6,330573	622,440974
17.12.2020	14:31:52	Messung 1	29,942163	1998,000000	2,862888	2,864865	2,862888	2,864865	5,946439	5,950545	4,150000	6,330270	626,258917
